"region","name","alpha_admission","alpha_D","alpha_death_hosp","alpha_H","beta1","beta10","beta11","beta12","beta13","beta14","beta15","beta16","beta17","beta18","beta19","beta2","beta20","beta21","beta22","beta23","beta24","beta25","beta26","beta27","beta28","beta29","beta3","beta30","beta31","beta32","beta33","beta34","beta35","beta36","beta4","beta5","beta6","beta7","beta8","beta9","mu_D","mu_D_2","mu_D_3","mu_D_4","mu_D_5","mu_gamma_H","mu_gamma_H_2","mu_gamma_H_3","mu_gamma_H_4","p_G_D","p_G_D_2","p_H","p_H_2","p_H_D","p_ICU","p_ICU_2","p_ICU_D","p_NC_15_24","p_NC_25_49","p_NC_50_64","p_NC_65_79","p_NC_80_plus","p_NC_weekend_15_24","p_NC_weekend_25_49","p_NC_weekend_50_64","p_NC_weekend_65_79","p_NC_weekend_80_plus","p_W_D","rel_p_D_alpha","rel_p_D_delta","rel_p_D_omicron","rel_p_H_alpha","rel_p_H_delta","rel_p_H_omicron","rel_p_ICU_alpha","rel_p_ICU_delta","rel_p_ICU_omicron","rho_pillar2_tests","seed_date_alpha","seed_date_delta","seed_date_omicron","start_date","ta_alpha","ta_delta","ta_omicron"
NA,"alpha_D",-2.0745513415338e-06,0.000129689904234966,-1.52578796636702e-06,-6.68789425813947e-07,0,0,0,0,0,0,0,0,0,0,0,0,0,0,0,0,0,0,0,0,0,0,0,0,0,0,0,0,0,0,0,0,0,0,0,0,7.32473376958722e-06,4.08910558560406e-06,2.94427360494261e-05,-6.49731020404481e-06,1.07123268205232e-05,-1.85741466469558e-05,-5.5530513696877e-06,3.27115481189837e-06,5.51585547302585e-06,-7.90272629321923e-06,1.43536400063559e-06,-1.47139970273543e-06,5.68862727249417e-06,-7.91739023513584e-06,1.55185433747968e-06,1.1589251148128e-06,1.56232796610283e-05,9.65084569137645e-09,4.59291114718367e-09,3.14416898217429e-08,-2.29542809141026e-09,-1.24582322957594e-08,-5.56158533664756e-09,2.32955566871588e-08,5.41748535391401e-09,1.84040110510464e-08,-4.21971468348051e-08,-3.28322240911116e-06,-3.53094093135521e-05,2.69229131307743e-05,-2.00077754674047e-05,-1.90288717782004e-06,2.27147889815713e-06,-5.69263692985884e-06,-6.23057255715119e-06,-1.01357439055339e-05,1.49328773399609e-06,5.82364957504064e-08,0,0,0,0,5.17695141551733e-07,1.64678473143149e-06,-1.57012395703177e-06
NA,"alpha_H",-7.73133821675783e-08,-6.68789425813947e-07,5.06125298097634e-09,6.82923560567116e-07,0,0,0,0,0,0,0,0,0,0,0,0,0,0,0,0,0,0,0,0,0,0,0,0,0,0,0,0,0,0,0,0,0,0,0,0,-9.12714681859285e-07,-4.82121830465553e-07,-9.6735236343104e-07,-5.32999959358375e-07,-1.11966490976609e-06,7.19777484478462e-07,6.16039105199031e-07,4.61597517613747e-07,-2.05664289057977e-07,3.55367136692412e-07,-1.21992455893362e-08,-2.43275911969445e-07,-3.77019007308288e-07,1.12635035921704e-06,2.428641704389e-07,-6.58683915791339e-08,5.44995781475347e-07,9.3971756680526e-12,-9.07452550204068e-10,5.48950156031271e-10,-5.74748126507833e-10,1.37282837527611e-09,4.77228976008683e-10,-9.9131960877544e-10,5.94394033438462e-11,-2.34901379904503e-09,-2.08972722245557e-09,2.46513130767316e-07,5.11630271190828e-07,-4.14628672424278e-08,3.20269147615202e-07,-8.93900006747385e-08,6.96831815156339e-07,-3.32669945255207e-08,-4.83345666748018e-07,1.1105596785442e-06,-3.98421853504824e-07,-3.08315434391885e-09,0,0,0,0,2.07714363978274e-08,-5.91717657213387e-08,6.58406725136967e-08
NA,"alpha_admission",1.21046019075166e-06,-2.0745513415338e-06,1.81370942015354e-07,-7.73133821675783e-08,0,0,0,0,0,0,0,0,0,0,0,0,0,0,0,0,0,0,0,0,0,0,0,0,0,0,0,0,0,0,0,0,0,0,0,0,1.49876697405595e-06,-3.3360263105454e-07,4.92776576120089e-07,-3.97050935968043e-08,-8.57485283655578e-07,-1.76316029229308e-06,1.61620289674319e-06,-4.31459433646837e-07,1.59871865813101e-07,4.88648489607557e-07,-1.49392334240757e-07,1.58916288911851e-07,4.46391217831873e-07,-6.46780494189017e-07,-2.08196686208042e-07,8.08701758586673e-08,2.00168067918044e-07,1.13647165939662e-09,3.65050045833187e-09,-4.25351858038943e-10,1.16594065776641e-09,6.96692779957148e-09,2.85359609541577e-10,-1.71643100762502e-09,1.15342675496995e-10,1.11782555740498e-09,-1.82907163008682e-10,-1.58033407294385e-06,1.20096176040051e-06,-7.48806268473826e-07,1.10712771223582e-06,-5.08620953962598e-07,-5.27408626285808e-07,5.95383557415035e-07,-1.34220525246605e-06,-6.27842121851744e-08,1.03650888175704e-07,3.97207563966354e-09,0,0,0,0,2.03745586485533e-08,4.13644214102925e-08,3.11035032676459e-08
NA,"alpha_death_hosp",1.81370942015354e-07,-1.52578796636702e-06,3.23027277617138e-06,5.06125298097634e-09,0,0,0,0,0,0,0,0,0,0,0,0,0,0,0,0,0,0,0,0,0,0,0,0,0,0,0,0,0,0,0,0,0,0,0,0,-4.96964756962367e-07,-3.8911982988958e-07,-3.93060358095321e-06,-1.44264950535211e-06,2.42314412984044e-07,6.10136597476565e-06,-1.78932783176578e-06,1.27488493553876e-06,-2.478958807547e-07,1.01953404316348e-06,-3.54321873184031e-07,-3.70792562393624e-07,1.0783105645812e-06,1.95814357632588e-07,4.94901309020873e-07,1.48952141658025e-08,2.41464837455634e-06,1.26794729817005e-09,1.60604093298424e-09,2.25884143540324e-10,1.57383059857934e-09,1.883159082824e-09,-1.25394601493042e-09,-1.31161669837216e-09,2.01417689399356e-09,-8.12491868775887e-12,2.29338833229423e-09,-1.25562550497664e-06,7.88524121117344e-06,-2.26638995895861e-06,3.35499118204695e-07,-3.41130854646956e-07,6.79950019271587e-07,-1.03562602892529e-06,1.99396596011639e-06,-2.13387519167262e-06,3.01318671946351e-07,8.71289663422166e-09,0,0,0,0,8.55729653285517e-08,-3.00031556701555e-08,2.56310643989162e-08
NA,"mu_D",1.49876697405595e-06,7.32473376958722e-06,-4.96964756962367e-07,-9.12714681859285e-07,0,0,0,0,0,0,0,0,0,0,0,0,0,0,0,0,0,0,0,0,0,0,0,0,0,0,0,0,0,0,0,0,0,0,0,0,5.53141564886236e-05,1.61102716587472e-05,1.43492223475022e-05,2.27679703328763e-05,1.86893710927199e-05,-4.1248524124418e-06,-1.05042551466882e-05,1.96244376052036e-08,-5.33550244580016e-07,-5.75877511286288e-07,1.87550596305067e-06,-2.8070196628164e-06,-6.70593960944062e-06,-1.73292590380266e-05,-1.23714380433802e-06,4.93118363789547e-07,-6.66867809486709e-06,7.48880146060959e-09,-5.77656679547827e-09,-3.11872874719366e-09,1.09652473327695e-08,-1.21428779508507e-08,1.09376872704666e-08,1.68667487380454e-08,-3.78215797931078e-09,4.9428123489818e-09,1.6013713882747e-08,-6.99694900684687e-06,-2.39390349871343e-05,-9.9254398307669e-06,5.61992501593129e-06,3.81690063764825e-06,6.31652684146393e-06,-1.61490220278249e-07,-3.49686671587911e-06,-6.8792226281217e-06,4.20450136741909e-06,-2.33432719628112e-08,0,0,0,0,7.05333554395544e-07,2.81376336936598e-08,-6.07468005911939e-07
NA,"mu_D_2",-3.3360263105454e-07,4.08910558560406e-06,-3.8911982988958e-07,-4.82121830465553e-07,0,0,0,0,0,0,0,0,0,0,0,0,0,0,0,0,0,0,0,0,0,0,0,0,0,0,0,0,0,0,0,0,0,0,0,0,1.61102716587472e-05,4.37826036657671e-05,2.448575158042e-05,4.72851551582729e-05,2.55128467366532e-05,2.28218680152951e-05,-1.1478430887782e-05,9.50461400998579e-06,-1.86512588873637e-06,-7.32981898183159e-06,7.34866869068632e-06,-2.20839346599379e-06,-1.04015863678799e-05,-2.32939436248989e-05,-1.16189697901684e-06,-6.14364752257974e-07,-1.70014755740241e-06,-2.72860000747258e-09,-2.38715003778165e-08,-4.81570570227523e-09,-1.88915251392035e-08,-1.23985911244254e-08,6.992707059849e-09,-1.59154110238159e-09,4.8427660547848e-09,-1.11088498384933e-08,2.9375280588736e-08,5.16397686527594e-06,-7.13346664518622e-05,-1.14688049137504e-05,1.55307590853176e-05,-2.46003489759095e-06,1.0473479897073e-05,1.71227527139515e-06,1.8008786965137e-05,-1.04136303179059e-05,1.47853420584898e-06,-2.45240192102666e-08,0,0,0,0,4.93681367612463e-07,-4.02781227364285e-07,5.06733672162601e-07
NA,"mu_D_3",4.92776576120089e-07,2.94427360494261e-05,-3.93060358095321e-06,-9.6735236343104e-07,0,0,0,0,0,0,0,0,0,0,0,0,0,0,0,0,0,0,0,0,0,0,0,0,0,0,0,0,0,0,0,0,0,0,0,0,1.43492223475022e-05,2.448575158042e-05,0.000123508543166943,6.70893785630124e-05,5.70434530182452e-05,-7.43624494662872e-05,3.72143586333782e-07,7.84177925428644e-06,-5.55763355763285e-06,-8.10416685116995e-06,1.79609860327409e-05,3.1613266978714e-06,2.44855642047951e-06,-1.63899754175501e-05,1.06589391500915e-06,-1.39295723098127e-06,-2.44099415430553e-06,-3.87880234902183e-09,-2.91754562205064e-08,1.81552408690054e-09,-1.78759186840646e-08,-4.45634641673058e-08,2.34062993942698e-08,2.22594298178751e-08,5.36022858949365e-09,-1.12603732952828e-08,-5.37980295799253e-09,8.26466854067682e-06,-0.000259650310829543,3.3501508209416e-05,-1.30660027462056e-05,-1.08971265921599e-05,5.01534084240339e-06,-1.80361893451445e-06,3.06867827229025e-05,-1.95687138671247e-05,1.74217452112699e-06,-7.24014985164442e-09,0,0,0,0,-1.7709051031668e-07,-2.04189525746421e-07,-1.66016686285778e-07
NA,"mu_D_4",-3.97050935968043e-08,-6.49731020404481e-06,-1.44264950535211e-06,-5.32999959358375e-07,0,0,0,0,0,0,0,0,0,0,0,0,0,0,0,0,0,0,0,0,0,0,0,0,0,0,0,0,0,0,0,0,0,0,0,0,2.27679703328763e-05,4.72851551582729e-05,6.70893785630124e-05,0.000118734592840239,5.88951309317914e-05,3.31924438173936e-06,-1.82298660767921e-05,1.69037334436758e-05,-6.24424064034733e-06,-1.09246301481854e-05,1.76259139550072e-05,-5.43511771793749e-07,-7.43647554400234e-06,-2.69022439025333e-05,6.33200550812749e-07,-1.13661817389507e-06,-1.53000982074352e-05,-1.13023125168204e-08,-6.51925581454381e-08,2.2720629020245e-09,-2.65058136085461e-08,-5.15781782488637e-08,6.09362916991364e-09,-8.17522861315506e-09,-1.24369529652964e-08,-2.4030295992018e-08,2.32931335901327e-08,1.33331715079313e-05,-0.000187946407731407,-4.11783510141854e-05,3.27776837798828e-05,-5.20593668776644e-06,1.09288903175068e-05,2.9503066881622e-06,2.97803336180553e-05,-1.61137520258937e-05,1.56893023875931e-06,-2.36873560739824e-09,0,0,0,0,5.77093214376158e-07,-1.44122034457767e-06,8.27721964014287e-07
NA,"mu_D_5",-8.57485283655578e-07,1.07123268205232e-05,2.42314412984044e-07,-1.11966490976609e-06,0,0,0,0,0,0,0,0,0,0,0,0,0,0,0,0,0,0,0,0,0,0,0,0,0,0,0,0,0,0,0,0,0,0,0,0,1.86893710927199e-05,2.55128467366532e-05,5.70434530182452e-05,5.88951309317914e-05,0.000118666891669119,3.71492819813176e-06,-1.20090662948033e-05,-6.276179790625e-06,-9.27802708561969e-06,-6.67597815661968e-06,1.2939550613043e-05,8.23800568369846e-07,-2.81989240132759e-05,-1.4605043715012e-05,-7.35830175766182e-07,-8.42914776250519e-07,-7.5191352314369e-06,-4.76181089648224e-10,-5.58078640113427e-08,1.64270827065524e-08,7.19941686197053e-09,-5.30785530269231e-08,7.57797863824939e-09,-2.47825012130166e-09,5.77707510026708e-09,1.54051407846707e-09,9.45626585724279e-09,2.11513046720686e-05,-0.000145665739337857,-1.81745682244274e-05,-5.32804619362386e-05,3.09434064200884e-06,7.35634544059888e-07,1.82213123101025e-05,2.04241362133834e-05,-1.09888155764833e-05,2.43829568463588e-06,1.65131502081471e-08,0,0,0,0,-5.96595950984668e-07,-1.71986022069498e-06,1.49392572319875e-06
NA,"mu_gamma_H",-1.76316029229308e-06,-1.85741466469558e-05,6.10136597476565e-06,7.19777484478462e-07,0,0,0,0,0,0,0,0,0,0,0,0,0,0,0,0,0,0,0,0,0,0,0,0,0,0,0,0,0,0,0,0,0,0,0,0,-4.1248524124418e-06,2.28218680152951e-05,-7.43624494662872e-05,3.31924438173936e-06,3.71492819813176e-06,0.00023681841847491,-5.30639891786414e-05,1.82594408646633e-05,5.51216734784831e-06,2.72803668634189e-06,-3.60952253367476e-06,-1.8077266881089e-06,-1.56020017066516e-05,-4.29452189472279e-06,-1.29540782520374e-06,-3.85763200311971e-07,-1.98346693763352e-06,2.80962895998566e-09,-1.70972010124587e-08,5.63840175080891e-09,-4.26984170771038e-09,2.81571209080038e-08,2.23243790936504e-08,-3.16354743005668e-08,1.66940532975166e-08,1.16659198511793e-08,2.44843580261536e-08,2.37714696719191e-05,0.0001191386796983,-5.14294049817569e-05,1.439565417908e-05,-1.07642247691887e-05,5.15012674212802e-06,1.24655341813237e-05,2.24590383592405e-05,-7.59476090469711e-06,3.22993901833736e-06,-1.82918125791918e-08,0,0,0,0,3.14529908284592e-07,-2.40787787140271e-06,1.96368016222088e-06
NA,"mu_gamma_H_2",1.61620289674319e-06,-5.5530513696877e-06,-1.78932783176578e-06,6.16039105199031e-07,0,0,0,0,0,0,0,0,0,0,0,0,0,0,0,0,0,0,0,0,0,0,0,0,0,0,0,0,0,0,0,0,0,0,0,0,-1.05042551466882e-05,-1.1478430887782e-05,3.72143586333782e-07,-1.82298660767921e-05,-1.20090662948033e-05,-5.30639891786414e-05,7.00250838777026e-05,-1.50499376024545e-05,3.14120186543466e-06,2.18350182633928e-07,-5.6124287866678e-07,2.17340312120852e-06,6.55840968582844e-06,2.7743168684874e-06,-2.57165086565268e-06,-1.30110541011007e-06,2.03907583142796e-05,-2.94438416299508e-09,1.83865118605267e-08,-1.36955601344908e-08,-2.19073921851181e-09,5.84360728421441e-09,-6.27772685485258e-09,-2.23531706995135e-08,1.55473175012919e-09,-5.75276138182059e-09,-3.50212693289811e-08,2.89893699393145e-06,2.65760000104466e-05,1.81755657404973e-06,-2.03536136565503e-06,-1.13522292954526e-05,1.29605349045211e-06,-2.38721191708158e-06,1.5938134601429e-05,-1.59929644171844e-06,2.54985552901122e-06,-1.91339273441079e-09,0,0,0,0,-5.11939990592853e-07,6.43367185307644e-07,4.52842682044356e-08
NA,"mu_gamma_H_3",-4.31459433646837e-07,3.27115481189837e-06,1.27488493553876e-06,4.61597517613747e-07,0,0,0,0,0,0,0,0,0,0,0,0,0,0,0,0,0,0,0,0,0,0,0,0,0,0,0,0,0,0,0,0,0,0,0,0,1.96244376052036e-08,9.50461400998579e-06,7.84177925428644e-06,1.69037334436758e-05,-6.276179790625e-06,1.82594408646633e-05,-1.50499376024545e-05,8.47337491719462e-05,-7.47433332619901e-06,-4.41049132740836e-06,1.24077168826434e-06,1.11448579617866e-06,7.37475817492512e-06,-9.07769321628313e-06,-1.15520005186378e-06,-7.84400504804677e-07,8.13569859384985e-06,1.96247756114974e-10,2.45355226071807e-09,1.29927012835339e-08,-1.30745719105226e-09,-4.8626626925949e-08,-1.07281326906906e-08,-8.75861824809193e-09,-7.04801983976881e-09,-1.44051822310287e-08,1.78939985770783e-08,-3.07133980753005e-06,-2.97209287596785e-06,-7.14116931223397e-06,1.71660844430983e-05,-2.73930841584814e-05,1.31305291390953e-05,-2.56425277294528e-06,2.367914145128e-05,-8.90059884238222e-06,-2.5006225380961e-06,3.62310710283225e-08,0,0,0,0,1.18050259879996e-07,-5.3944452310441e-07,2.73476509421238e-07
NA,"mu_gamma_H_4",1.59871865813101e-07,5.51585547302585e-06,-2.478958807547e-07,-2.05664289057977e-07,0,0,0,0,0,0,0,0,0,0,0,0,0,0,0,0,0,0,0,0,0,0,0,0,0,0,0,0,0,0,0,0,0,0,0,0,-5.33550244580016e-07,-1.86512588873637e-06,-5.55763355763285e-06,-6.24424064034733e-06,-9.27802708561969e-06,5.51216734784831e-06,3.14120186543466e-06,-7.47433332619901e-06,1.60908197432402e-05,6.05609842811387e-07,-1.82224504217218e-06,1.85163872145447e-06,-3.50941633583955e-06,1.04817967849555e-07,-2.29969161804952e-07,-1.7431171482326e-07,-1.16277481181883e-06,-1.17466777900757e-10,1.02207210592877e-08,-2.17596629959117e-09,-2.22824923145988e-09,-2.38711492112682e-09,6.23131042337214e-09,-4.1741353670861e-09,9.50251470538566e-11,-8.71871370214253e-09,-9.82591189177609e-09,2.96094564859638e-06,1.61737833481875e-05,7.61769362071391e-06,3.20186450528278e-06,-6.89601420538755e-06,-3.8874126704175e-06,4.45226286128226e-06,5.54633691463267e-06,1.24471933263245e-07,1.7713770681325e-06,8.59218891984039e-10,0,0,0,0,2.7409486148563e-07,2.6153959518956e-07,-2.81785125847938e-08
NA,"p_G_D",4.88648489607557e-07,-7.90272629321923e-06,1.01953404316348e-06,3.55367136692412e-07,0,0,0,0,0,0,0,0,0,0,0,0,0,0,0,0,0,0,0,0,0,0,0,0,0,0,0,0,0,0,0,0,0,0,0,0,-5.75877511286288e-07,-7.32981898183159e-06,-8.10416685116995e-06,-1.09246301481854e-05,-6.67597815661968e-06,2.72803668634189e-06,2.18350182633928e-07,-4.41049132740836e-06,6.05609842811387e-07,1.15100968164751e-05,-1.81320189593425e-06,7.63728493031697e-07,1.71579889845678e-06,6.34271152856931e-06,4.70084743487908e-07,2.4197463884077e-07,-1.92272026621356e-06,-8.20784058694001e-11,5.09826714735414e-09,1.66530779419921e-09,2.56585067552353e-09,5.5738767665436e-09,-7.51989736225799e-09,3.55057361284044e-09,-4.41370044657749e-09,1.03068115460211e-09,1.41243337276151e-09,-7.16087801253778e-06,1.65756994413581e-05,2.25002780739143e-06,-1.41667178045254e-06,-2.60836135310107e-06,-9.72352055390699e-09,1.74675818889334e-06,-5.535596297473e-06,2.87573178463724e-06,-1.02041479618958e-06,1.94226648793523e-08,0,0,0,0,3.3309645329826e-08,2.05787837974455e-07,-2.71922160018112e-07
NA,"p_G_D_2",-1.49392334240757e-07,1.43536400063559e-06,-3.54321873184031e-07,-1.21992455893362e-08,0,0,0,0,0,0,0,0,0,0,0,0,0,0,0,0,0,0,0,0,0,0,0,0,0,0,0,0,0,0,0,0,0,0,0,0,1.87550596305067e-06,7.34866869068632e-06,1.79609860327409e-05,1.76259139550072e-05,1.2939550613043e-05,-3.60952253367476e-06,-5.6124287866678e-07,1.24077168826434e-06,-1.82224504217218e-06,-1.81320189593425e-06,5.19653699684335e-06,2.37315442341553e-07,-2.61511501705205e-06,-1.45957433196429e-06,8.53351102943857e-08,-3.75377115685395e-07,-4.1042645095245e-06,-2.83422987917164e-09,-1.43614388765058e-08,-3.58455068888861e-09,-5.65760479360709e-09,-6.25038618679313e-09,4.74301022706406e-09,3.45916797346016e-10,2.59921204186863e-09,-6.53919521660608e-09,-1.5750029150873e-10,4.8233135890536e-06,-4.97979223753615e-05,-5.55691231251417e-07,-2.68217027867451e-07,-1.12548456140361e-06,2.80349053528279e-06,1.24725359919824e-06,6.87809140749655e-06,-3.96930425355512e-06,3.9790219245055e-07,-3.86527062235116e-09,0,0,0,0,9.42069511187685e-08,-3.61924013345749e-07,3.25003071083104e-08
NA,"p_H",1.58916288911851e-07,-1.47139970273543e-06,-3.70792562393624e-07,-2.43275911969445e-07,0,0,0,0,0,0,0,0,0,0,0,0,0,0,0,0,0,0,0,0,0,0,0,0,0,0,0,0,0,0,0,0,0,0,0,0,-2.8070196628164e-06,-2.20839346599379e-06,3.1613266978714e-06,-5.43511771793749e-07,8.23800568369846e-07,-1.8077266881089e-06,2.17340312120852e-06,1.11448579617866e-06,1.85163872145447e-06,7.63728493031697e-07,2.37315442341553e-07,5.0951402727514e-06,5.77705434123473e-06,-1.20503192550711e-07,-9.23706660937817e-07,-7.34256977918008e-07,-1.08478355039461e-06,-1.77415472098992e-09,-6.02527626831577e-09,-9.380679057609e-09,5.15803827661196e-10,-6.38194232565738e-09,-1.63872033570763e-09,-8.17318582484664e-09,-4.21482589485891e-09,-2.76619331358665e-09,-3.64320753240708e-09,7.83850813937465e-07,3.49023486265194e-07,7.5335696881693e-07,-1.43523483153407e-06,-1.48480600342136e-05,-2.93625327725843e-07,4.48934657391513e-07,9.55093931936632e-06,-2.1658443226467e-07,2.10822685097951e-07,2.91854004028357e-09,0,0,0,0,-1.77619877227419e-07,-6.13725744819406e-08,3.26171493543623e-07
NA,"p_H_2",4.46391217831873e-07,5.68862727249417e-06,1.0783105645812e-06,-3.77019007308288e-07,0,0,0,0,0,0,0,0,0,0,0,0,0,0,0,0,0,0,0,0,0,0,0,0,0,0,0,0,0,0,0,0,0,0,0,0,-6.70593960944062e-06,-1.04015863678799e-05,2.44855642047951e-06,-7.43647554400234e-06,-2.81989240132759e-05,-1.56020017066516e-05,6.55840968582844e-06,7.37475817492512e-06,-3.50941633583955e-06,1.71579889845678e-06,-2.61511501705205e-06,5.77705434123473e-06,0.000115202724826199,1.80822374436219e-08,-3.4361183564184e-06,-5.3774966426977e-07,4.63465425842265e-06,-5.86311066722864e-09,2.36439429367853e-08,2.22932077506683e-08,1.05503369381079e-08,-3.11622158596966e-08,-1.03711334038271e-08,-1.51986343587919e-09,-3.59310331959242e-08,-7.70242910477421e-09,1.38747436427427e-08,-1.31161860923978e-05,1.69586769704946e-05,-2.54209973464685e-08,1.11345864822732e-05,-6.00967231190299e-06,-1.9045654842238e-05,-7.25527104085579e-05,-8.11351111994152e-06,8.78496155978993e-07,-2.17022912457324e-06,-1.02153452529678e-08,0,0,0,0,1.41819842550632e-07,7.81250158173962e-07,-8.03356576483744e-07
NA,"p_H_D",-6.46780494189017e-07,-7.91739023513584e-06,1.95814357632588e-07,1.12635035921704e-06,0,0,0,0,0,0,0,0,0,0,0,0,0,0,0,0,0,0,0,0,0,0,0,0,0,0,0,0,0,0,0,0,0,0,0,0,-1.73292590380266e-05,-2.32939436248989e-05,-1.63899754175501e-05,-2.69022439025333e-05,-1.4605043715012e-05,-4.29452189472279e-06,2.7743168684874e-06,-9.07769321628313e-06,1.04817967849555e-07,6.34271152856931e-06,-1.45957433196429e-06,-1.20503192550711e-07,1.80822374436219e-08,2.859461307941e-05,1.02326064839199e-06,4.47815596351851e-07,-9.46643248798072e-06,1.41414300128571e-09,9.15837307468728e-09,-1.97277966109562e-09,7.32261924570801e-09,2.22423675552137e-08,-2.76699834520665e-09,6.42439869553603e-09,2.00763421155979e-09,-7.11137825455201e-10,-1.91945795599434e-08,-2.05350694206476e-06,1.58921120893277e-05,6.70748794301107e-06,-9.15776129728005e-06,9.7606997046102e-06,-6.04984964095292e-06,-8.12285615215337e-08,-1.66738130759731e-05,8.92592814212518e-06,-2.21789872122424e-06,1.47769424435787e-08,0,0,0,0,-2.72408753248697e-07,-1.05028193698922e-07,-3.35609941453578e-07
NA,"p_ICU",-2.08196686208042e-07,1.55185433747968e-06,4.94901309020873e-07,2.428641704389e-07,0,0,0,0,0,0,0,0,0,0,0,0,0,0,0,0,0,0,0,0,0,0,0,0,0,0,0,0,0,0,0,0,0,0,0,0,-1.23714380433802e-06,-1.16189697901684e-06,1.06589391500915e-06,6.33200550812749e-07,-7.35830175766182e-07,-1.29540782520374e-06,-2.57165086565268e-06,-1.15520005186378e-06,-2.29969161804952e-07,4.70084743487908e-07,8.53351102943857e-08,-9.23706660937817e-07,-3.4361183564184e-06,1.02326064839199e-06,5.93133890065689e-06,-3.03604041525176e-07,-4.75383721728963e-07,3.99563331063727e-10,-1.87049763073675e-09,6.85588395995208e-09,4.36309997137667e-10,-6.47974680113658e-09,-9.87813694577669e-10,5.83231146203328e-09,2.51941935747737e-09,3.17152528297301e-09,7.52625424937037e-09,3.81673759895666e-06,-7.02369025347243e-06,1.65686771986754e-06,-6.36660444476311e-07,1.94860153724853e-06,1.11530553913244e-06,1.91096075562849e-06,3.25222677051981e-06,-3.51121987275009e-07,-1.10684204414053e-06,-5.80728566775339e-09,0,0,0,0,5.64957949361255e-08,6.92493440391564e-08,1.70625283406038e-08
NA,"p_ICU_2",8.08701758586673e-08,1.1589251148128e-06,1.48952141658025e-08,-6.58683915791339e-08,0,0,0,0,0,0,0,0,0,0,0,0,0,0,0,0,0,0,0,0,0,0,0,0,0,0,0,0,0,0,0,0,0,0,0,0,4.93118363789547e-07,-6.14364752257974e-07,-1.39295723098127e-06,-1.13661817389507e-06,-8.42914776250519e-07,-3.85763200311971e-07,-1.30110541011007e-06,-7.84400504804677e-07,-1.7431171482326e-07,2.4197463884077e-07,-3.75377115685395e-07,-7.34256977918008e-07,-5.3774966426977e-07,4.47815596351851e-07,-3.03604041525176e-07,1.03386427712624e-06,4.58322318326934e-07,3.5239287410432e-09,2.20021623820479e-10,3.75987045749075e-09,1.41701798446933e-09,4.43666925229428e-09,2.90636771311577e-09,1.86976183815348e-09,1.5341204718339e-09,1.87770432129371e-09,7.91089429543952e-10,1.60981116189364e-06,3.63347118705011e-06,-5.40873825982235e-07,-5.70867960476733e-07,2.22920924171565e-06,-2.63619519735232e-07,3.20508858304821e-07,-1.05043906372373e-05,2.31596772642389e-07,-1.42529690880551e-07,-5.85272221052536e-09,0,0,0,0,2.00625568750961e-08,8.12448063877084e-08,-1.38033395489889e-07
NA,"p_ICU_D",2.00168067918044e-07,1.56232796610283e-05,2.41464837455634e-06,5.44995781475347e-07,0,0,0,0,0,0,0,0,0,0,0,0,0,0,0,0,0,0,0,0,0,0,0,0,0,0,0,0,0,0,0,0,0,0,0,0,-6.66867809486709e-06,-1.70014755740241e-06,-2.44099415430553e-06,-1.53000982074352e-05,-7.5191352314369e-06,-1.98346693763352e-06,2.03907583142796e-05,8.13569859384985e-06,-1.16277481181883e-06,-1.92272026621356e-06,-4.1042645095245e-06,-1.08478355039461e-06,4.63465425842265e-06,-9.46643248798072e-06,-4.75383721728963e-07,4.58322318326934e-07,0.000110767911914245,1.54286629604241e-08,1.50228822336165e-08,2.2648499341766e-08,1.33558621207889e-08,2.71870021164383e-10,1.10133071522531e-08,-8.75588071821217e-09,-8.82065902295941e-10,2.29527462335254e-08,3.31678658607067e-08,-3.54491761552926e-05,5.99952592913803e-06,1.1521599280767e-05,-1.30136232074968e-06,-9.1746006207711e-06,2.36849216564535e-07,1.29998503498637e-06,1.06036143590462e-05,-1.20104041512105e-05,1.39071380216361e-06,-5.92765061282352e-09,0,0,0,0,-5.7569572245838e-07,1.31701569819085e-06,-7.09912322747296e-07
NA,"p_NC_15_24",1.13647165939662e-09,9.65084569137645e-09,1.26794729817005e-09,9.3971756680526e-12,0,0,0,0,0,0,0,0,0,0,0,0,0,0,0,0,0,0,0,0,0,0,0,0,0,0,0,0,0,0,0,0,0,0,0,0,7.48880146060959e-09,-2.72860000747258e-09,-3.87880234902183e-09,-1.13023125168204e-08,-4.76181089648224e-10,2.80962895998566e-09,-2.94438416299508e-09,1.96247756114974e-10,-1.17466777900757e-10,-8.20784058694001e-11,-2.83422987917164e-09,-1.77415472098992e-09,-5.86311066722864e-09,1.41414300128571e-09,3.99563331063727e-10,3.5239287410432e-09,1.54286629604241e-08,1.89204285677635e-10,3.85059369197662e-11,2.33016421609407e-11,-3.87715353218786e-12,6.18089028089608e-11,2.64538319714095e-11,6.32952654828394e-13,4.49992729242628e-11,4.81522694934493e-11,4.29358897235045e-11,-3.00770434547945e-08,1.09987743660878e-08,4.33246679872347e-09,-9.28731580832228e-09,-8.54590481252021e-10,-6.64095597435374e-09,6.04343997697637e-09,-4.48625995727426e-08,1.56829837161257e-09,-8.71359998406669e-10,3.91909667490925e-12,0,0,0,0,1.49899429706281e-09,1.0815270510607e-09,-1.46156724354754e-09
NA,"p_NC_25_49",3.65050045833187e-09,4.59291114718367e-09,1.60604093298424e-09,-9.07452550204068e-10,0,0,0,0,0,0,0,0,0,0,0,0,0,0,0,0,0,0,0,0,0,0,0,0,0,0,0,0,0,0,0,0,0,0,0,0,-5.77656679547827e-09,-2.38715003778165e-08,-2.91754562205064e-08,-6.51925581454381e-08,-5.58078640113427e-08,-1.70972010124587e-08,1.83865118605267e-08,2.45355226071807e-09,1.02207210592877e-08,5.09826714735414e-09,-1.43614388765058e-08,-6.02527626831577e-09,2.36439429367853e-08,9.15837307468728e-09,-1.87049763073675e-09,2.20021623820479e-10,1.50228822336165e-08,3.85059369197662e-11,5.02902990158638e-10,8.96022746394913e-11,6.13550992644693e-11,1.09985565016977e-10,-9.90199928112471e-12,6.88357179865514e-11,-5.70010746281671e-12,3.14806354749881e-11,-1.4823745471744e-11,-2.05074957985961e-08,1.00447310100859e-07,3.60249172590058e-08,-1.08273875284181e-08,1.07924893265438e-08,-2.64792319543103e-08,-8.78427823474161e-09,-1.98675363827603e-08,1.72319240975079e-08,3.18071929835068e-09,-7.36636419558518e-12,0,0,0,0,1.06460861634085e-09,2.77441169430582e-09,-3.14780954943592e-09
NA,"p_NC_50_64",-4.25351858038943e-10,3.14416898217429e-08,2.25884143540324e-10,5.48950156031271e-10,0,0,0,0,0,0,0,0,0,0,0,0,0,0,0,0,0,0,0,0,0,0,0,0,0,0,0,0,0,0,0,0,0,0,0,0,-3.11872874719366e-09,-4.81570570227523e-09,1.81552408690054e-09,2.2720629020245e-09,1.64270827065524e-08,5.63840175080891e-09,-1.36955601344908e-08,1.29927012835339e-08,-2.17596629959117e-09,1.66530779419921e-09,-3.58455068888861e-09,-9.380679057609e-09,2.22932077506683e-08,-1.97277966109562e-09,6.85588395995208e-09,3.75987045749075e-09,2.2648499341766e-08,2.33016421609407e-11,8.96022746394913e-11,4.85394271119366e-10,5.96382918497398e-11,1.49336290150338e-10,6.26392562697999e-11,5.13602373949396e-11,2.17780635256469e-11,4.28983573429811e-11,-3.73621776820714e-12,-2.27027997591348e-08,-1.59755528986967e-08,6.06156298817561e-09,-8.45649527598561e-09,3.8234086971923e-08,-2.74367176949568e-08,-1.50198927106158e-08,-7.81270809845946e-08,1.78230106277014e-08,5.16451957884057e-10,-7.3040397985302e-11,0,0,0,0,-3.62459391356505e-10,1.63296907975232e-09,-8.54436225271777e-10
NA,"p_NC_65_79",1.16594065776641e-09,-2.29542809141026e-09,1.57383059857934e-09,-5.74748126507833e-10,0,0,0,0,0,0,0,0,0,0,0,0,0,0,0,0,0,0,0,0,0,0,0,0,0,0,0,0,0,0,0,0,0,0,0,0,1.09652473327695e-08,-1.88915251392035e-08,-1.78759186840646e-08,-2.65058136085461e-08,7.19941686197053e-09,-4.26984170771038e-09,-2.19073921851181e-09,-1.30745719105226e-09,-2.22824923145988e-09,2.56585067552353e-09,-5.65760479360709e-09,5.15803827661196e-10,1.05503369381079e-08,7.32261924570801e-09,4.36309997137667e-10,1.41701798446933e-09,1.33558621207889e-08,-3.87715353218786e-12,6.13550992644693e-11,5.96382918497398e-11,2.32354405808956e-10,1.92884675847315e-10,7.86246692033697e-12,1.41667166899303e-11,-1.07157209400698e-12,3.3710123350109e-11,4.93289769473922e-11,-3.13135028605366e-09,3.51327684301147e-08,1.21692651610723e-08,-2.53988193796704e-08,6.97646311796008e-09,-2.79072520931776e-08,3.91193606315609e-09,-3.28807602403507e-08,1.15894420229824e-08,4.19294064116862e-09,-7.1993189493585e-11,0,0,0,0,-3.66294290922965e-10,7.14913196882795e-10,-7.0296524543738e-10
NA,"p_NC_80_plus",6.96692779957148e-09,-1.24582322957594e-08,1.883159082824e-09,1.37282837527611e-09,0,0,0,0,0,0,0,0,0,0,0,0,0,0,0,0,0,0,0,0,0,0,0,0,0,0,0,0,0,0,0,0,0,0,0,0,-1.21428779508507e-08,-1.23985911244254e-08,-4.45634641673058e-08,-5.15781782488637e-08,-5.30785530269231e-08,2.81571209080038e-08,5.84360728421441e-09,-4.8626626925949e-08,-2.38711492112682e-09,5.5738767665436e-09,-6.25038618679313e-09,-6.38194232565738e-09,-3.11622158596966e-08,2.22423675552137e-08,-6.47974680113658e-09,4.43666925229428e-09,2.71870021164383e-10,6.18089028089608e-11,1.09985565016977e-10,1.49336290150338e-10,1.92884675847315e-10,2.86075780072512e-09,6.881899619035e-11,9.26808147959498e-11,7.9398765033229e-11,8.05149013689498e-11,1.01842591689014e-10,1.99616660656119e-08,7.98125110450091e-08,-9.19443912822049e-09,3.66362578431684e-08,1.99427046229906e-08,-6.55346577225604e-08,3.22580696410272e-08,-8.59606331501379e-08,4.22430213384883e-08,1.42577027098914e-08,-4.51635594893079e-10,0,0,0,0,3.04200549983168e-10,1.62168166108082e-09,5.77333684621931e-09
NA,"p_NC_weekend_15_24",2.85359609541577e-10,-5.56158533664756e-09,-1.25394601493042e-09,4.77228976008683e-10,0,0,0,0,0,0,0,0,0,0,0,0,0,0,0,0,0,0,0,0,0,0,0,0,0,0,0,0,0,0,0,0,0,0,0,0,1.09376872704666e-08,6.992707059849e-09,2.34062993942698e-08,6.09362916991364e-09,7.57797863824939e-09,2.23243790936504e-08,-6.27772685485258e-09,-1.07281326906906e-08,6.23131042337214e-09,-7.51989736225799e-09,4.74301022706406e-09,-1.63872033570763e-09,-1.03711334038271e-08,-2.76699834520665e-09,-9.87813694577669e-10,2.90636771311577e-09,1.10133071522531e-08,2.64538319714095e-11,-9.90199928112471e-12,6.26392562697999e-11,7.86246692033697e-12,6.881899619035e-11,2.07147226168839e-10,7.04615289038482e-12,1.42359513033087e-11,2.17813139679181e-11,7.11239058969944e-11,3.76361267630234e-09,-6.19389277786047e-08,2.29360522695793e-08,-7.70708093520558e-09,2.33367650408181e-09,-1.60948405291752e-08,1.69108836116978e-08,-2.44394880666897e-08,-5.99180586169145e-09,-4.12616085144066e-10,2.43426772263066e-11,0,0,0,0,-3.25358067645615e-10,-4.8492995818904e-10,-9.14222383350261e-11
NA,"p_NC_weekend_25_49",-1.71643100762502e-09,2.32955566871588e-08,-1.31161669837216e-09,-9.9131960877544e-10,0,0,0,0,0,0,0,0,0,0,0,0,0,0,0,0,0,0,0,0,0,0,0,0,0,0,0,0,0,0,0,0,0,0,0,0,1.68667487380454e-08,-1.59154110238159e-09,2.22594298178751e-08,-8.17522861315506e-09,-2.47825012130166e-09,-3.16354743005668e-08,-2.23531706995135e-08,-8.75861824809193e-09,-4.1741353670861e-09,3.55057361284044e-09,3.45916797346016e-10,-8.17318582484664e-09,-1.51986343587919e-09,6.42439869553603e-09,5.83231146203328e-09,1.86976183815348e-09,-8.75588071821217e-09,6.32952654828394e-13,6.88357179865514e-11,5.13602373949396e-11,1.41667166899303e-11,9.26808147959498e-11,7.04615289038482e-12,2.73796774472407e-10,2.65114872719847e-11,1.62956271512971e-11,6.96828650440864e-11,3.13001558481406e-09,-5.85330920479457e-08,3.4364780967489e-08,-1.85753506548331e-08,5.80030551156207e-09,1.27144236753191e-08,-1.31629093154111e-08,-3.94233990195943e-08,1.01404991867772e-08,7.47627357271272e-10,-3.65187614827653e-12,0,0,0,0,2.85675745739384e-09,1.13299528884615e-09,-1.37197460284531e-09
NA,"p_NC_weekend_50_64",1.15342675496995e-10,5.41748535391401e-09,2.01417689399356e-09,5.94394033438462e-11,0,0,0,0,0,0,0,0,0,0,0,0,0,0,0,0,0,0,0,0,0,0,0,0,0,0,0,0,0,0,0,0,0,0,0,0,-3.78215797931078e-09,4.8427660547848e-09,5.36022858949365e-09,-1.24369529652964e-08,5.77707510026708e-09,1.66940532975166e-08,1.55473175012919e-09,-7.04801983976881e-09,9.50251470538566e-11,-4.41370044657749e-09,2.59921204186863e-09,-4.21482589485891e-09,-3.59310331959242e-08,2.00763421155979e-09,2.51941935747737e-09,1.5341204718339e-09,-8.82065902295941e-10,4.49992729242628e-11,-5.70010746281671e-12,2.17780635256469e-11,-1.07157209400698e-12,7.9398765033229e-11,1.42359513033087e-11,2.65114872719847e-11,1.56776012451323e-10,2.56718330532511e-11,4.41232933183304e-11,1.86922868982126e-08,-3.22959705385992e-08,2.71350478349979e-08,-2.59525391053707e-08,-5.01185515216179e-09,1.25420946456099e-08,2.38087470117849e-08,-6.73844095471048e-09,-1.28446484230127e-08,2.2081438617723e-09,2.18966897950092e-11,0,0,0,0,1.66834394070711e-09,4.22399707061641e-10,-1.81200120864008e-09
NA,"p_NC_weekend_65_79",1.11782555740498e-09,1.84040110510464e-08,-8.12491868775887e-12,-2.34901379904503e-09,0,0,0,0,0,0,0,0,0,0,0,0,0,0,0,0,0,0,0,0,0,0,0,0,0,0,0,0,0,0,0,0,0,0,0,0,4.9428123489818e-09,-1.11088498384933e-08,-1.12603732952828e-08,-2.4030295992018e-08,1.54051407846707e-09,1.16659198511793e-08,-5.75276138182059e-09,-1.44051822310287e-08,-8.71871370214253e-09,1.03068115460211e-09,-6.53919521660608e-09,-2.76619331358665e-09,-7.70242910477421e-09,-7.11137825455201e-10,3.17152528297301e-09,1.87770432129371e-09,2.29527462335254e-08,4.81522694934493e-11,3.14806354749881e-11,4.28983573429811e-11,3.3710123350109e-11,8.05149013689498e-11,2.17813139679181e-11,1.62956271512971e-11,2.56718330532511e-11,1.73563202245283e-10,2.03974550878745e-11,-2.33198774483714e-08,3.45209753197298e-08,-6.76277613391255e-10,-1.10425129273988e-08,-1.25529202061092e-09,-3.68352306625988e-09,1.51452514033131e-08,-9.59262957808883e-09,-2.01767771204604e-08,2.75921616677102e-09,2.62276000479996e-11,0,0,0,0,-7.71118313078799e-11,2.44530526926686e-09,-2.12824038903807e-09
NA,"p_NC_weekend_80_plus",-1.82907163008682e-10,-4.21971468348051e-08,2.29338833229423e-09,-2.08972722245557e-09,0,0,0,0,0,0,0,0,0,0,0,0,0,0,0,0,0,0,0,0,0,0,0,0,0,0,0,0,0,0,0,0,0,0,0,0,1.6013713882747e-08,2.9375280588736e-08,-5.37980295799253e-09,2.32931335901327e-08,9.45626585724279e-09,2.44843580261536e-08,-3.50212693289811e-08,1.78939985770783e-08,-9.82591189177609e-09,1.41243337276151e-09,-1.5750029150873e-10,-3.64320753240708e-09,1.38747436427427e-08,-1.91945795599434e-08,7.52625424937037e-09,7.91089429543952e-10,3.31678658607067e-08,4.29358897235045e-11,-1.4823745471744e-11,-3.73621776820714e-12,4.93289769473922e-11,1.01842591689014e-10,7.11239058969944e-11,6.96828650440864e-11,4.41232933183304e-11,2.03974550878745e-11,1.2664249630884e-09,2.03663539272573e-08,-5.52439290671246e-08,1.12363795704509e-08,-1.67188787584085e-08,8.10041435682399e-09,3.14526668605324e-09,-3.05264550055851e-08,2.40416389634856e-09,-3.10341797717974e-08,7.09406244076073e-09,-1.18553806044306e-10,0,0,0,0,8.62269120426706e-10,-3.48571778918856e-09,5.48415285131275e-09
NA,"p_W_D",-1.58033407294385e-06,-3.28322240911116e-06,-1.25562550497664e-06,2.46513130767316e-07,0,0,0,0,0,0,0,0,0,0,0,0,0,0,0,0,0,0,0,0,0,0,0,0,0,0,0,0,0,0,0,0,0,0,0,0,-6.99694900684687e-06,5.16397686527594e-06,8.26466854067682e-06,1.33331715079313e-05,2.11513046720686e-05,2.37714696719191e-05,2.89893699393145e-06,-3.07133980753005e-06,2.96094564859638e-06,-7.16087801253778e-06,4.8233135890536e-06,7.83850813937465e-07,-1.31161860923978e-05,-2.05350694206476e-06,3.81673759895666e-06,1.60981116189364e-06,-3.54491761552926e-05,-3.00770434547945e-08,-2.05074957985961e-08,-2.27027997591348e-08,-3.13135028605366e-09,1.99616660656119e-08,3.76361267630234e-09,3.13001558481406e-09,1.86922868982126e-08,-2.33198774483714e-08,2.03663539272573e-08,0.000211017575995625,-3.82446379542573e-05,2.04601213163457e-06,-1.51834712431419e-05,-2.65731647964572e-05,2.27961181090188e-05,4.84327137503417e-06,1.97344704961466e-05,-1.18925747866515e-05,-1.30069556779024e-06,-6.32956081430537e-09,0,0,0,0,5.47728257381841e-07,-1.2750733437777e-06,2.31032393986172e-06
NA,"rel_p_D_alpha",1.20096176040051e-06,-3.53094093135521e-05,7.88524121117344e-06,5.11630271190828e-07,0,0,0,0,0,0,0,0,0,0,0,0,0,0,0,0,0,0,0,0,0,0,0,0,0,0,0,0,0,0,0,0,0,0,0,0,-2.39390349871343e-05,-7.13346664518622e-05,-0.000259650310829543,-0.000187946407731407,-0.000145665739337857,0.0001191386796983,2.65760000104466e-05,-2.97209287596785e-06,1.61737833481875e-05,1.65756994413581e-05,-4.97979223753615e-05,3.49023486265194e-07,1.69586769704946e-05,1.58921120893277e-05,-7.02369025347243e-06,3.63347118705011e-06,5.99952592913803e-06,1.09987743660878e-08,1.00447310100859e-07,-1.59755528986967e-08,3.51327684301147e-08,7.98125110450091e-08,-6.19389277786047e-08,-5.85330920479457e-08,-3.22959705385992e-08,3.45209753197298e-08,-5.52439290671246e-08,-3.82446379542573e-05,0.000739554570166156,-8.49853276429873e-05,1.42923287093028e-05,-1.91242520249956e-05,-9.59707196042442e-07,-1.58517150102325e-06,-5.14932667112947e-05,3.19967172774985e-05,-2.08273204787804e-06,9.27514803088524e-08,0,0,0,0,-7.1259807602565e-07,1.29743441711996e-06,7.00857742738899e-07
NA,"rel_p_D_delta",-7.48806268473826e-07,2.69229131307743e-05,-2.26638995895861e-06,-4.14628672424278e-08,0,0,0,0,0,0,0,0,0,0,0,0,0,0,0,0,0,0,0,0,0,0,0,0,0,0,0,0,0,0,0,0,0,0,0,0,-9.9254398307669e-06,-1.14688049137504e-05,3.3501508209416e-05,-4.11783510141854e-05,-1.81745682244274e-05,-5.14294049817569e-05,1.81755657404973e-06,-7.14116931223397e-06,7.61769362071391e-06,2.25002780739143e-06,-5.55691231251417e-07,7.5335696881693e-07,-2.54209973464685e-08,6.70748794301107e-06,1.65686771986754e-06,-5.40873825982235e-07,1.1521599280767e-05,4.33246679872347e-09,3.60249172590058e-08,6.06156298817561e-09,1.21692651610723e-08,-9.19443912822049e-09,2.29360522695793e-08,3.4364780967489e-08,2.71350478349979e-08,-6.76277613391255e-10,1.12363795704509e-08,2.04601213163457e-06,-8.49853276429873e-05,9.88661819039085e-05,-3.49455378777908e-05,5.84535499246252e-06,-1.30282551477227e-05,1.01585191567908e-06,-4.12678884377701e-06,8.21985614062448e-06,-7.56045236498128e-07,-2.42766317140864e-08,0,0,0,0,7.08168540362471e-07,1.50288072303259e-06,-1.66598795522592e-06
NA,"rel_p_D_omicron",1.10712771223582e-06,-2.00077754674047e-05,3.35499118204695e-07,3.20269147615202e-07,0,0,0,0,0,0,0,0,0,0,0,0,0,0,0,0,0,0,0,0,0,0,0,0,0,0,0,0,0,0,0,0,0,0,0,0,5.61992501593129e-06,1.55307590853176e-05,-1.30660027462056e-05,3.27776837798828e-05,-5.32804619362386e-05,1.439565417908e-05,-2.03536136565503e-06,1.71660844430983e-05,3.20186450528278e-06,-1.41667178045254e-06,-2.68217027867451e-07,-1.43523483153407e-06,1.11345864822732e-05,-9.15776129728005e-06,-6.36660444476311e-07,-5.70867960476733e-07,-1.30136232074968e-06,-9.28731580832228e-09,-1.08273875284181e-08,-8.45649527598561e-09,-2.53988193796704e-08,3.66362578431684e-08,-7.70708093520558e-09,-1.85753506548331e-08,-2.59525391053707e-08,-1.10425129273988e-08,-1.67188787584085e-08,-1.51834712431419e-05,1.42923287093028e-05,-3.49455378777908e-05,9.85995404966872e-05,-7.31930841758468e-06,1.19768861008185e-05,-1.32555938598947e-05,9.58407040179644e-06,-5.41417115318847e-06,1.9808177408983e-06,4.98883572737876e-09,0,0,0,0,3.91714602255228e-07,3.12437486775606e-07,1.62556955548247e-08
NA,"rel_p_H_alpha",-5.08620953962598e-07,-1.90288717782004e-06,-3.41130854646956e-07,-8.93900006747385e-08,0,0,0,0,0,0,0,0,0,0,0,0,0,0,0,0,0,0,0,0,0,0,0,0,0,0,0,0,0,0,0,0,0,0,0,0,3.81690063764825e-06,-2.46003489759095e-06,-1.08971265921599e-05,-5.20593668776644e-06,3.09434064200884e-06,-1.07642247691887e-05,-1.13522292954526e-05,-2.73930841584814e-05,-6.89601420538755e-06,-2.60836135310107e-06,-1.12548456140361e-06,-1.48480600342136e-05,-6.00967231190299e-06,9.7606997046102e-06,1.94860153724853e-06,2.22920924171565e-06,-9.1746006207711e-06,-8.54590481252021e-10,1.07924893265438e-08,3.8234086971923e-08,6.97646311796008e-09,1.99427046229906e-08,2.33367650408181e-09,5.80030551156207e-09,-5.01185515216179e-09,-1.25529202061092e-09,8.10041435682399e-09,-2.65731647964572e-05,-1.91242520249956e-05,5.84535499246252e-06,-7.31930841758468e-06,0.000112349802199864,-4.68364909983228e-05,-5.03224728061657e-06,-5.28407788598608e-05,1.05333823505201e-05,-3.45759058998445e-06,-9.97714940574753e-08,0,0,0,0,-1.70715684397182e-06,-3.21279847648953e-07,-3.62746349758903e-07
