"region","name","alpha_admission","alpha_D","alpha_death_hosp","alpha_H","beta1","beta10","beta11","beta12","beta13","beta14","beta15","beta16","beta17","beta18","beta19","beta2","beta20","beta21","beta22","beta23","beta24","beta25","beta26","beta27","beta28","beta29","beta3","beta30","beta31","beta32","beta33","beta34","beta35","beta36","beta4","beta5","beta6","beta7","beta8","beta9","mu_D","mu_D_2","mu_D_3","mu_D_4","mu_D_5","mu_gamma_H","mu_gamma_H_2","mu_gamma_H_3","mu_gamma_H_4","p_G_D","p_G_D_2","p_H","p_H_2","p_H_D","p_ICU","p_ICU_2","p_ICU_D","p_NC_15_24","p_NC_25_49","p_NC_50_64","p_NC_65_79","p_NC_80_plus","p_NC_weekend_15_24","p_NC_weekend_25_49","p_NC_weekend_50_64","p_NC_weekend_65_79","p_NC_weekend_80_plus","p_W_D","rel_p_D_alpha","rel_p_D_delta","rel_p_D_omicron","rel_p_H_alpha","rel_p_H_delta","rel_p_H_omicron","rel_p_ICU_alpha","rel_p_ICU_delta","rel_p_ICU_omicron","rho_pillar2_tests","seed_date_alpha","seed_date_delta","seed_date_omicron","start_date","ta_alpha","ta_delta","ta_omicron"
NA,"alpha_admission",9.71935509747819e-07,-4.5144443457441e-07,1.00515171795841e-07,1.84942819991557e-07,0,0,0,0,0,0,0,0,0,0,0,0,0,0,0,0,0,0,0,0,0,0,0,0,0,0,0,0,0,0,0,0,0,0,0,0,-1.5081049752762e-06,4.73996918004267e-07,-1.91707204891604e-06,-1.94653872895263e-08,-2.75913253997743e-07,-5.57156602151058e-08,-8.17326793821476e-07,1.2045859416962e-06,4.05006846551473e-07,7.93320504017007e-07,-1.90458355342252e-07,-1.36840655319092e-07,1.58569268739485e-08,3.03921685090445e-07,4.85550484330012e-07,2.03451022028249e-07,-4.08651775835907e-07,8.06517934455873e-10,-2.13826912540562e-09,-2.89996748266842e-09,-2.89378661676907e-09,1.79545512996012e-09,-4.2706000326596e-09,2.35769991016878e-09,1.17551927251927e-09,-4.34103170682721e-10,-5.5825429771753e-09,4.28961026901839e-06,2.81924143115227e-06,-1.71292706619782e-06,1.15954472296504e-06,6.62859881771675e-07,6.99091410557577e-07,-1.94746165812345e-07,4.09625063656414e-07,-1.99311533672583e-06,-2.26391928097446e-07,-7.32702767323693e-09,0,0,0,0,-4.33359198461276e-08,-2.79891349287353e-08,2.15107057383276e-07
NA,"alpha_D",-4.5144443457441e-07,8.79651005773395e-05,2.92627325992611e-06,-8.60336760832611e-07,0,0,0,0,0,0,0,0,0,0,0,0,0,0,0,0,0,0,0,0,0,0,0,0,0,0,0,0,0,0,0,0,0,0,0,0,4.55527859212261e-06,-9.04555386593261e-06,-2.92417026067582e-06,-1.25886240768761e-05,-1.46554535657575e-05,4.80845349522705e-06,-1.2655457064479e-05,-9.87803852583393e-06,-6.16233666584725e-06,-6.33940917290354e-06,-4.02382328909309e-07,-3.28599073114849e-07,5.86485592236705e-06,7.13527544112597e-06,1.68856224129916e-06,-7.91815448165969e-07,-7.64155503922453e-06,3.43943957876273e-08,1.80623084775764e-08,1.45835468091924e-08,1.12362077646672e-08,-2.89107054000344e-10,1.0191993010626e-08,-8.42204033030123e-09,-3.51592757232323e-08,-1.22480575521927e-08,3.32142174623639e-08,2.38448379051059e-05,8.45578861266362e-06,8.97213658707704e-06,5.66151644658682e-06,6.72233958069048e-06,-2.45338024034865e-06,-3.14131904161829e-06,1.79061722714479e-06,4.83791209510262e-06,-2.73125790610742e-06,1.08563981795474e-08,0,0,0,0,-6.8321181898884e-07,-8.68104589513987e-07,2.1020817988602e-07
NA,"alpha_death_hosp",1.00515171795841e-07,2.92627325992611e-06,2.1797080225592e-06,-3.46205099341536e-07,0,0,0,0,0,0,0,0,0,0,0,0,0,0,0,0,0,0,0,0,0,0,0,0,0,0,0,0,0,0,0,0,0,0,0,0,7.71493160090406e-07,-1.06654673098511e-06,-1.97617363767081e-06,-4.80764343277487e-07,-3.72439119846003e-07,-2.06965703415542e-06,4.17418541375112e-07,-1.6629558033495e-06,1.77647636592929e-07,-3.40531930028035e-07,-2.56352196022886e-07,2.07997346764337e-07,-2.45458890237837e-06,1.52178405028294e-07,-3.9682354113643e-07,-2.4639989780734e-07,3.10619644422516e-07,-1.65387703188737e-09,8.87132728974319e-10,2.11986363884398e-09,-2.24063788667633e-09,-5.65464799705967e-09,-2.06244879523526e-09,1.70882953532516e-09,1.30249874011984e-09,2.18001353748565e-09,1.30393960454644e-09,-6.59360163728032e-06,2.89078698398807e-06,-9.07187437032693e-07,1.68485686693629e-07,1.75654929513176e-06,-6.20521329503229e-07,1.99847743801676e-06,1.56626319908581e-06,9.28085943564027e-07,-4.16571476334564e-07,-3.817340102395e-09,0,0,0,0,-1.03315568730221e-07,-9.24868367237843e-08,2.74065413169077e-07
NA,"alpha_H",1.84942819991557e-07,-8.60336760832611e-07,-3.46205099341536e-07,1.00456405478603e-06,0,0,0,0,0,0,0,0,0,0,0,0,0,0,0,0,0,0,0,0,0,0,0,0,0,0,0,0,0,0,0,0,0,0,0,0,-7.92769834718743e-07,1.49740716849027e-06,1.05471157253896e-06,1.94196324074574e-06,1.3661290185859e-06,-1.90831402428239e-06,5.02733377452357e-07,5.31912826963974e-07,1.04576230163744e-06,3.12182901018783e-07,3.2720576419025e-07,-8.06033049476728e-08,1.73806883132466e-07,-6.60102759419778e-07,2.53502065616849e-07,-1.63170132830076e-08,-9.74061222440287e-07,7.32706865256127e-10,-2.31049441290223e-09,-4.63218597583578e-09,5.75214076401118e-12,2.41915015079357e-10,-9.40283232572694e-10,2.30857321656826e-09,1.99459255848791e-09,-5.25875640260533e-10,-6.05783563165219e-10,5.08057745935165e-06,-3.8673201367986e-06,-1.67660026188673e-07,5.79136856000616e-07,-1.20847489372049e-06,8.94798328391979e-07,-5.67045751022414e-07,2.4541365779637e-06,-1.40627976069616e-06,2.72902717800144e-07,1.5578847268005e-10,0,0,0,0,1.40673882974314e-07,1.04035744055371e-07,-6.16800498601025e-09
NA,"mu_D",-1.5081049752762e-06,4.55527859212261e-06,7.71493160090406e-07,-7.92769834718743e-07,0,0,0,0,0,0,0,0,0,0,0,0,0,0,0,0,0,0,0,0,0,0,0,0,0,0,0,0,0,0,0,0,0,0,0,0,6.53116512669459e-05,1.03309452222143e-05,2.1070371692574e-05,6.25889619076035e-06,3.01552600889664e-06,-2.43469705072348e-05,1.90553947017921e-05,-5.29738257325721e-06,3.53233376176597e-06,-3.43650741636727e-06,-1.12902218335401e-06,-1.76549964261814e-06,-6.83910224785059e-06,-2.48035181132327e-05,-6.80267805047204e-07,9.51720093742545e-07,-7.84718710089803e-06,-2.23015720447696e-09,-2.5813055241364e-08,-3.56313636502144e-08,1.1669659998071e-08,-2.6513543205446e-08,1.86361425481513e-08,-2.36219479115965e-08,-1.71176786744748e-08,6.34081838186593e-11,-5.28033293110773e-09,-1.62106944595697e-05,-1.08563463296451e-06,1.41717146298517e-05,2.34709819170217e-06,-3.79831981642923e-07,-4.98513080278116e-06,4.35342646256069e-06,-1.51312605845147e-05,1.19460854547894e-05,3.02458664032565e-06,1.10164263330489e-07,0,0,0,0,4.38617049362463e-07,-6.20050015555009e-07,-1.8545212058532e-06
NA,"mu_D_2",4.73996918004267e-07,-9.04555386593261e-06,-1.06654673098511e-06,1.49740716849027e-06,0,0,0,0,0,0,0,0,0,0,0,0,0,0,0,0,0,0,0,0,0,0,0,0,0,0,0,0,0,0,0,0,0,0,0,0,1.03309452222143e-05,2.82673665727698e-05,2.36377387242541e-05,2.3315274847e-05,2.64984133785627e-05,-1.74393909862162e-06,4.1628222142046e-06,-3.50337384897334e-06,3.36380032188439e-06,8.38654500406834e-07,4.54877174629104e-06,-2.62994915502357e-06,-1.35845013119678e-05,-1.8436398785963e-05,1.8070400448044e-06,1.45845261340154e-06,-3.60951530064713e-06,5.721179299539e-09,-2.60816600432457e-08,-2.47585637436001e-08,-9.41359883517546e-09,-3.32707944351366e-09,-2.71425431030587e-09,7.01548997401983e-10,6.1124281909224e-09,-7.77099703088473e-09,-1.97483994701492e-08,5.05045249494632e-07,-6.48420512387573e-05,1.02797780305135e-05,-8.1713395661144e-06,1.21036719478217e-05,-5.69249410591657e-06,3.55652684338082e-06,-2.21498359322317e-05,4.04667074831809e-06,3.27362250265959e-06,5.38758834636835e-08,0,0,0,0,4.26517110185795e-07,5.68528931866928e-07,-1.02103859285005e-07
NA,"mu_D_3",-1.91707204891604e-06,-2.92417026067582e-06,-1.97617363767081e-06,1.05471157253896e-06,0,0,0,0,0,0,0,0,0,0,0,0,0,0,0,0,0,0,0,0,0,0,0,0,0,0,0,0,0,0,0,0,0,0,0,0,2.1070371692574e-05,2.36377387242541e-05,9.80374576724469e-05,3.86490058024097e-05,4.0776797218957e-05,-2.52039182987771e-05,5.21368886094095e-06,-3.6543613469669e-06,-5.68108303575876e-07,-3.80188693429471e-06,1.45076787280822e-05,-3.20230492356502e-06,-2.14320703991431e-05,-1.83437443374355e-05,3.55953155054515e-07,1.52817751865022e-06,-2.96483341371177e-06,-8.98853642962135e-10,-1.99403283301352e-09,3.6620945304419e-09,1.64939778773699e-08,-9.44886775850335e-09,2.2189357549899e-08,2.22931032237247e-08,-8.72092749849443e-09,-1.04455933488085e-08,2.11500666466413e-08,-3.96115533043124e-05,-0.000207780368733452,5.35680872449747e-05,-1.9649724064343e-05,2.54330268674821e-05,-2.00371273936022e-05,6.82575912965387e-06,-4.02819603867136e-05,5.96528038950493e-06,9.64393589742913e-06,1.20665436155314e-07,0,0,0,0,1.01162725342764e-06,1.11037360093743e-06,-2.47968450242532e-06
NA,"mu_D_4",-1.94653872895263e-08,-1.25886240768761e-05,-4.80764343277487e-07,1.94196324074574e-06,0,0,0,0,0,0,0,0,0,0,0,0,0,0,0,0,0,0,0,0,0,0,0,0,0,0,0,0,0,0,0,0,0,0,0,0,6.25889619076035e-06,2.3315274847e-05,3.86490058024097e-05,6.22571971765056e-05,3.72102521285126e-05,-2.05934529919049e-05,-4.55733605080432e-06,-5.55013972759896e-07,1.78800656211578e-06,3.01121320778152e-08,9.41994506967003e-06,3.22221918061561e-07,-1.27705861811118e-05,-1.86357709005484e-05,2.26865301861337e-06,1.00585262354046e-07,-1.09820579661062e-05,-5.71887074276106e-10,-3.08502477409326e-08,-2.49779788037423e-08,-1.69766162547293e-08,1.3233073446177e-08,-1.88526521059208e-09,1.07318446983898e-08,2.10576413713257e-08,-6.1319480098432e-09,-4.60880618807713e-08,5.33094523855439e-06,-0.00011244871094252,-1.37941739214707e-05,7.45661963180221e-06,7.85743286299599e-06,-7.95365778910735e-06,7.872022324708e-06,-1.57791156629432e-05,3.34371552287731e-06,5.82096714355191e-06,2.64405769103633e-09,0,0,0,0,5.71115228974406e-07,5.70824974844054e-07,2.27264651803479e-07
NA,"mu_D_5",-2.75913253997743e-07,-1.46554535657575e-05,-3.72439119846003e-07,1.3661290185859e-06,0,0,0,0,0,0,0,0,0,0,0,0,0,0,0,0,0,0,0,0,0,0,0,0,0,0,0,0,0,0,0,0,0,0,0,0,3.01552600889664e-06,2.64984133785627e-05,4.0776797218957e-05,3.72102521285126e-05,8.28142949105776e-05,-5.84356094727232e-06,9.62166173889178e-06,-1.26636183719537e-05,4.05452959715056e-06,-2.92575847256994e-06,1.04916132127934e-05,-1.70391878387199e-06,-2.91846679285002e-05,-1.89606895460417e-05,1.71051980894887e-06,8.55415536761809e-07,2.57994320867793e-06,-8.9243626458499e-09,-2.77840371182328e-08,-3.51840140531008e-08,1.51989243428663e-09,3.25496651373904e-08,-1.52765615160392e-08,2.18068309066585e-08,2.33791526931062e-08,-4.83035040421487e-09,-4.59779218428208e-08,-2.71170464320118e-05,-0.0001064724548635,2.85289313761897e-06,-4.79367766095526e-05,1.24974169228382e-05,-9.60127055896054e-07,1.0838362230128e-05,-6.11347709824341e-06,-1.44972181885435e-05,9.1389874796552e-06,4.2353003911711e-08,0,0,0,0,6.27823075931751e-07,9.6733067066953e-07,-1.556004309711e-07
NA,"mu_gamma_H",-5.57156602151058e-08,4.80845349522705e-06,-2.06965703415542e-06,-1.90831402428239e-06,0,0,0,0,0,0,0,0,0,0,0,0,0,0,0,0,0,0,0,0,0,0,0,0,0,0,0,0,0,0,0,0,0,0,0,0,-2.43469705072348e-05,-1.74393909862162e-06,-2.52039182987771e-05,-2.05934529919049e-05,-5.84356094727232e-06,0.000102902306748254,-3.01882507674565e-05,-3.00898208570864e-06,2.01902592023734e-06,1.38465719074556e-06,-1.83272622072485e-07,7.02376393707374e-07,6.39466569317806e-06,1.79118010830629e-05,-2.4449987452946e-06,-1.1939268889953e-06,-1.94036451989153e-05,-1.87810423844263e-08,-2.3482942781474e-08,-6.13054707070879e-09,-2.41318819864953e-08,-5.70105386569681e-08,1.23957780542155e-08,-2.84995145769856e-08,-3.17560312494276e-08,1.40311590696822e-08,1.02984355219524e-08,-5.60775687754562e-06,3.20000673635133e-05,-4.31963076174519e-06,-5.06382878752303e-06,4.03667824444752e-06,-8.08113769157965e-07,-3.76241938111813e-06,2.7808942137022e-05,-7.61689087978163e-06,-5.53410117022207e-06,5.44947025048156e-10,0,0,0,0,-6.88819068587881e-07,-2.21341654985023e-07,6.17175623110485e-07
NA,"mu_gamma_H_2",-8.17326793821476e-07,-1.2655457064479e-05,4.17418541375112e-07,5.02733377452357e-07,0,0,0,0,0,0,0,0,0,0,0,0,0,0,0,0,0,0,0,0,0,0,0,0,0,0,0,0,0,0,0,0,0,0,0,0,1.90553947017921e-05,4.1628222142046e-06,5.21368886094095e-06,-4.55733605080432e-06,9.62166173889178e-06,-3.01882507674565e-05,6.9342394329437e-05,-1.74976380435949e-05,6.04213517889636e-07,-5.25319753308015e-06,-1.69005218479958e-06,-2.92909042574546e-06,-2.68616522884589e-05,-1.24371443350144e-05,3.39527782502339e-06,2.86761999456276e-06,1.6007564664286e-05,-1.82423116126567e-08,-2.86722036701468e-08,-1.22759870380216e-08,1.62051286601073e-08,2.40195168966782e-08,7.98136882748668e-09,9.43495786467591e-09,1.53452087301716e-08,-3.0870933974509e-09,-3.16789825696687e-08,4.40260121837997e-05,5.45937262370335e-06,8.26440143575725e-06,-8.14250086116745e-06,5.42691690999096e-06,-3.744377687439e-06,1.63182816007038e-05,-3.47658085982397e-05,1.77188248687372e-05,4.23038187560088e-06,1.15751746990204e-07,0,0,0,0,3.06094421767469e-07,4.84113573090985e-07,-1.94874173396133e-06
NA,"mu_gamma_H_3",1.2045859416962e-06,-9.87803852583393e-06,-1.6629558033495e-06,5.31912826963974e-07,0,0,0,0,0,0,0,0,0,0,0,0,0,0,0,0,0,0,0,0,0,0,0,0,0,0,0,0,0,0,0,0,0,0,0,0,-5.29738257325721e-06,-3.50337384897334e-06,-3.6543613469669e-06,-5.55013972759896e-07,-1.26636183719537e-05,-3.00898208570864e-06,-1.74976380435949e-05,3.1166705628141e-05,4.68044736110885e-06,5.27627089430505e-06,-1.63893129048379e-06,2.01765559238765e-06,1.20385450282792e-05,1.38769101995931e-06,-9.32747354889126e-07,-2.71711046732349e-07,-4.9475932941904e-06,1.18507328127391e-08,1.84696564366243e-08,-7.32310590217338e-09,6.54422473841008e-09,-2.58274825128103e-08,-2.0584745858062e-09,2.6286115618923e-10,-1.46755552361366e-10,1.21186025772633e-08,2.32477827725109e-08,2.88256215283917e-05,1.25692037380516e-05,-2.53691270908201e-06,8.43160348358596e-06,-1.30447365535582e-05,-1.39333473971759e-06,-1.37393068187083e-06,6.55549534694455e-06,3.51192430633584e-06,-2.68017304602199e-06,-7.77244888996339e-08,0,0,0,0,1.10040095838933e-07,-2.56273151259251e-07,6.13948193739505e-07
NA,"mu_gamma_H_4",4.05006846551473e-07,-6.16233666584725e-06,1.77647636592929e-07,1.04576230163744e-06,0,0,0,0,0,0,0,0,0,0,0,0,0,0,0,0,0,0,0,0,0,0,0,0,0,0,0,0,0,0,0,0,0,0,0,0,3.53233376176597e-06,3.36380032188439e-06,-5.68108303575876e-07,1.78800656211578e-06,4.05452959715056e-06,2.01902592023734e-06,6.04213517889636e-07,4.68044736110885e-06,1.86885399926242e-05,6.23949068664637e-07,-3.19850285139643e-07,7.72213472888827e-07,-6.58683472846879e-07,-7.12356252946189e-06,-6.89344715326516e-07,-1.39965074757327e-07,8.77775151705515e-07,8.00991326631159e-09,-4.40383703613649e-09,-2.09786939748106e-08,-8.99774409974769e-10,-8.69207602062273e-09,-4.76145708582247e-10,4.20570812765176e-09,-5.95623198796703e-10,5.89105915245316e-09,-5.21440309444558e-09,1.12077964610646e-05,5.22738045189334e-06,4.64460389635e-06,-2.57043397064026e-06,-8.52093113484616e-07,-8.18794679402397e-06,1.8480546390044e-06,1.70830175578955e-06,7.50922093075462e-06,3.85794444779803e-07,2.37636044920689e-09,0,0,0,0,2.7972085576449e-07,1.70322007321362e-07,-6.05461614309725e-07
NA,"p_G_D",7.93320504017007e-07,-6.33940917290354e-06,-3.40531930028035e-07,3.12182901018783e-07,0,0,0,0,0,0,0,0,0,0,0,0,0,0,0,0,0,0,0,0,0,0,0,0,0,0,0,0,0,0,0,0,0,0,0,0,-3.43650741636727e-06,8.38654500406834e-07,-3.80188693429471e-06,3.01121320778152e-08,-2.92575847256994e-06,1.38465719074556e-06,-5.25319753308015e-06,5.27627089430505e-06,6.23949068664637e-07,9.68887325062915e-06,-1.0476302718937e-07,-1.19767410377769e-07,6.84284989264099e-06,1.8514999808678e-06,1.63476673259252e-06,2.06352619230715e-07,-5.91174698645303e-06,-4.99257702590128e-09,-4.22752361042803e-09,-1.16647387394718e-08,-1.46909235586823e-09,6.97186520964952e-09,-1.51463441200256e-08,9.08001296220203e-09,5.61821556264726e-09,-1.22053565318001e-09,5.47434700416441e-09,1.95105798958981e-05,2.42618738384605e-06,-3.46410742684403e-06,2.48812539171107e-06,-3.28079204226616e-08,-3.56665202452242e-07,-3.98064799817535e-06,7.43819954078859e-07,1.2468073646568e-06,-1.50474457403229e-06,-1.67325890505465e-08,0,0,0,0,1.90260398542414e-07,4.78039601938659e-08,6.46509460767445e-07
NA,"p_G_D_2",-1.90458355342252e-07,-4.02382328909309e-07,-2.56352196022886e-07,3.2720576419025e-07,0,0,0,0,0,0,0,0,0,0,0,0,0,0,0,0,0,0,0,0,0,0,0,0,0,0,0,0,0,0,0,0,0,0,0,0,-1.12902218335401e-06,4.54877174629104e-06,1.45076787280822e-05,9.41994506967003e-06,1.04916132127934e-05,-1.83272622072485e-07,-1.69005218479958e-06,-1.63893129048379e-06,-3.19850285139643e-07,-1.0476302718937e-07,4.53544022362674e-06,1.05792451708692e-07,-3.23290753757553e-06,3.64309145818732e-07,1.14053245159181e-07,-1.25198984541811e-08,1.98269117950093e-07,-6.49026768924049e-10,-7.8722969302614e-10,-1.71117341730395e-09,-5.42692585479213e-10,4.00758002825067e-10,3.25057465565125e-09,4.93428184553966e-09,-2.7503120057739e-10,-2.6734865172217e-09,5.52570851665308e-09,-7.52571120325776e-06,-4.19677648000112e-05,4.91903800175657e-06,-4.3738440777049e-06,3.04792573877518e-06,-2.05025456314256e-06,1.17206714248015e-06,-2.6173271736451e-06,-4.11265250109124e-07,1.26096950183225e-06,1.23559997233594e-08,0,0,0,0,3.6842834052799e-08,1.70547941804092e-07,-1.99052434029309e-07
NA,"p_H",-1.36840655319092e-07,-3.28599073114849e-07,2.07997346764337e-07,-8.06033049476728e-08,0,0,0,0,0,0,0,0,0,0,0,0,0,0,0,0,0,0,0,0,0,0,0,0,0,0,0,0,0,0,0,0,0,0,0,0,-1.76549964261814e-06,-2.62994915502357e-06,-3.20230492356502e-06,3.22221918061561e-07,-1.70391878387199e-06,7.02376393707374e-07,-2.92909042574546e-06,2.01765559238765e-06,7.72213472888827e-07,-1.19767410377769e-07,1.05792451708692e-07,4.34561033350123e-06,9.70082388052723e-06,1.99831954468102e-06,-1.05964071429848e-06,-8.58169868535109e-07,4.67952360672783e-07,-1.23416733858836e-09,5.33220752575345e-09,3.15706702295686e-09,-3.71895034784354e-09,2.82043363537407e-09,-2.47276935886139e-09,-8.74090726613265e-09,-4.74288891105467e-10,-7.17611040778661e-10,-7.79663549970201e-09,-1.06287375741642e-05,7.135480982041e-06,-4.24648113512237e-06,5.39208868125733e-07,-1.39222916861539e-05,2.26362064251516e-06,-2.65385132812059e-06,1.11882453951626e-05,-1.90981792753251e-06,-1.65104442156407e-06,-1.6319900075832e-08,0,0,0,0,-2.82285807895508e-07,-2.66224750079006e-07,5.23726573155141e-07
NA,"p_H_2",1.58569268739485e-08,5.86485592236705e-06,-2.45458890237837e-06,1.73806883132466e-07,0,0,0,0,0,0,0,0,0,0,0,0,0,0,0,0,0,0,0,0,0,0,0,0,0,0,0,0,0,0,0,0,0,0,0,0,-6.83910224785059e-06,-1.35845013119678e-05,-2.14320703991431e-05,-1.27705861811118e-05,-2.91846679285002e-05,6.39466569317806e-06,-2.68616522884589e-05,1.20385450282792e-05,-6.58683472846879e-07,6.84284989264099e-06,-3.23290753757553e-06,9.70082388052723e-06,0.000111011381057272,1.61147099327398e-05,-1.75263168731945e-06,-4.04487357684793e-06,-3.36381269457005e-05,-1.0493525640786e-08,7.02021484232967e-09,-7.65168372721075e-09,-2.68163704855069e-08,-3.78647197635724e-08,9.62347736847177e-09,-4.03963494387587e-08,2.51075672058702e-09,-5.63029779325656e-09,-1.58745802707949e-08,-1.05185717966246e-05,5.1152756078371e-05,-7.5387069784674e-06,9.96982422126018e-06,-2.53537781849701e-05,-9.28445708963544e-06,-6.52869789976401e-05,2.49141344865466e-05,1.39883874512021e-05,-9.48061306929413e-06,-9.1432679977084e-08,0,0,0,0,-1.44248127232528e-06,-1.37880915195913e-06,1.466371861852e-06
NA,"p_H_D",3.03921685090445e-07,7.13527544112597e-06,1.52178405028294e-07,-6.60102759419778e-07,0,0,0,0,0,0,0,0,0,0,0,0,0,0,0,0,0,0,0,0,0,0,0,0,0,0,0,0,0,0,0,0,0,0,0,0,-2.48035181132327e-05,-1.8436398785963e-05,-1.83437443374355e-05,-1.86357709005484e-05,-1.89606895460417e-05,1.79118010830629e-05,-1.24371443350144e-05,1.38769101995931e-06,-7.12356252946189e-06,1.8514999808678e-06,3.64309145818732e-07,1.99831954468102e-06,1.61147099327398e-05,3.60213094629683e-05,-1.13275847081046e-06,-1.7882189466699e-06,1.26383674379636e-06,-1.02809039616163e-08,4.06980317724548e-08,1.57783701120679e-08,-7.02472000639399e-09,1.55998986406199e-08,1.71763524318103e-09,-9.06470672167226e-10,-6.61221921377616e-09,1.6359846729397e-09,2.43324873408018e-08,-1.06621856419513e-05,9.73489944003463e-06,-6.46071604412904e-06,2.86693464357693e-06,-8.3724401221173e-06,7.80791539686226e-06,-6.9524966091386e-06,2.05464810990972e-05,-4.34664850474366e-06,-4.67374011261231e-06,-8.96176117672428e-08,0,0,0,0,-7.97141389097628e-07,-3.39757837013592e-07,6.70896470196479e-07
NA,"p_ICU",4.85550484330012e-07,1.68856224129916e-06,-3.9682354113643e-07,2.53502065616849e-07,0,0,0,0,0,0,0,0,0,0,0,0,0,0,0,0,0,0,0,0,0,0,0,0,0,0,0,0,0,0,0,0,0,0,0,0,-6.80267805047204e-07,1.8070400448044e-06,3.55953155054515e-07,2.26865301861337e-06,1.71051980894887e-06,-2.4449987452946e-06,3.39527782502339e-06,-9.32747354889126e-07,-6.89344715326516e-07,1.63476673259252e-06,1.14053245159181e-07,-1.05964071429848e-06,-1.75263168731945e-06,-1.13275847081046e-06,5.4510536324942e-06,3.16957514075605e-07,-3.44295414976588e-06,5.14346298107142e-09,-8.47997739467695e-09,-5.80578775368088e-09,2.2755164321607e-09,6.78132799555849e-09,-1.33740497503102e-09,4.51565555385929e-09,4.36685319498876e-09,-2.65309648231027e-09,4.35031904801494e-09,2.80159977282848e-05,-3.22533977074967e-06,-4.99927283726982e-07,-1.41381612265778e-07,-9.44235430031326e-07,2.53687841366897e-06,1.22807012625319e-06,-5.12679612333152e-07,1.24124300914615e-06,-1.65035058700253e-06,6.56693225547849e-09,0,0,0,0,3.55877853899747e-07,7.29044348079758e-08,-5.96618242838448e-08
NA,"p_ICU_2",2.03451022028249e-07,-7.91815448165969e-07,-2.4639989780734e-07,-1.63170132830076e-08,0,0,0,0,0,0,0,0,0,0,0,0,0,0,0,0,0,0,0,0,0,0,0,0,0,0,0,0,0,0,0,0,0,0,0,0,9.51720093742545e-07,1.45845261340154e-06,1.52817751865022e-06,1.00585262354046e-07,8.55415536761809e-07,-1.1939268889953e-06,2.86761999456276e-06,-2.71711046732349e-07,-1.39965074757327e-07,2.06352619230715e-07,-1.25198984541811e-08,-8.58169868535109e-07,-4.04487357684793e-06,-1.7882189466699e-06,3.16957514075605e-07,9.07765995208925e-07,-6.63065229610885e-07,-1.1122312363068e-09,-3.79785616575418e-09,-4.1058124822123e-09,5.82511029898588e-10,-3.33900774574448e-10,-8.92387316481076e-10,4.75354934611206e-09,-8.92482424090883e-10,1.09681975201105e-09,9.00597780644224e-10,1.01783538524656e-05,-1.54050374856353e-06,1.68044168205623e-06,-7.70591805273061e-07,2.03264706396191e-06,3.99541777518305e-08,1.81810586269051e-06,-8.10368388349954e-06,-5.30915838760972e-07,1.10329609668585e-06,8.20661111028297e-09,0,0,0,0,7.07992974111049e-08,7.70365272089446e-08,-1.61583539530434e-07
NA,"p_ICU_D",-4.08651775835907e-07,-7.64155503922453e-06,3.10619644422516e-07,-9.74061222440287e-07,0,0,0,0,0,0,0,0,0,0,0,0,0,0,0,0,0,0,0,0,0,0,0,0,0,0,0,0,0,0,0,0,0,0,0,0,-7.84718710089803e-06,-3.60951530064713e-06,-2.96483341371177e-06,-1.09820579661062e-05,2.57994320867793e-06,-1.94036451989153e-05,1.6007564664286e-05,-4.9475932941904e-06,8.77775151705515e-07,-5.91174698645303e-06,1.98269117950093e-07,4.67952360672783e-07,-3.36381269457005e-05,1.26383674379636e-06,-3.44295414976588e-06,-6.63065229610885e-07,0.000123395252922898,-6.20712215394936e-09,-1.94090879681869e-08,4.00349757412847e-08,1.52202163140086e-08,8.9355687383002e-08,1.29997816709459e-08,1.18636645349118e-08,-6.32541498022307e-09,-2.23207574020914e-08,2.25229979620875e-08,-0.000177076695918089,-1.88500431048091e-05,1.38783460127944e-05,-1.28674624373211e-05,1.24758910865929e-05,-2.05899451935729e-06,2.16654698422069e-05,9.89024262426671e-08,-8.62890858176487e-06,-8.47750472680478e-07,-2.45302001807501e-08,0,0,0,0,-2.18649914117396e-07,8.45581332842006e-07,-8.54499208125069e-07
NA,"p_NC_15_24",8.06517934455873e-10,3.43943957876273e-08,-1.65387703188737e-09,7.32706865256127e-10,0,0,0,0,0,0,0,0,0,0,0,0,0,0,0,0,0,0,0,0,0,0,0,0,0,0,0,0,0,0,0,0,0,0,0,0,-2.23015720447696e-09,5.721179299539e-09,-8.98853642962135e-10,-5.71887074276106e-10,-8.9243626458499e-09,-1.87810423844263e-08,-1.82423116126567e-08,1.18507328127391e-08,8.00991326631159e-09,-4.99257702590128e-09,-6.49026768924049e-10,-1.23416733858836e-09,-1.0493525640786e-08,-1.02809039616163e-08,5.14346298107142e-09,-1.1122312363068e-09,-6.20712215394936e-09,1.8232558776284e-10,-1.06658665852697e-11,-1.48610176104543e-11,7.61877214842188e-11,-3.97129045397379e-11,4.64601351184802e-11,1.32019800945833e-11,2.23467222728955e-11,7.48858703870762e-12,6.25754336532555e-11,4.6108540552472e-08,1.31787766254183e-08,9.04069408038463e-10,1.31280355364249e-08,-1.66357574540356e-08,-3.67427403220872e-10,9.92316721219597e-09,5.508147377406e-10,1.38859466610524e-08,4.17819560465575e-09,8.04176798445469e-11,0,0,0,0,1.50626794939298e-09,-8.61760084650465e-10,-2.83379255170479e-10
NA,"p_NC_25_49",-2.13826912540562e-09,1.80623084775764e-08,8.87132728974319e-10,-2.31049441290223e-09,0,0,0,0,0,0,0,0,0,0,0,0,0,0,0,0,0,0,0,0,0,0,0,0,0,0,0,0,0,0,0,0,0,0,0,0,-2.5813055241364e-08,-2.60816600432457e-08,-1.99403283301352e-09,-3.08502477409326e-08,-2.77840371182328e-08,-2.3482942781474e-08,-2.86722036701468e-08,1.84696564366243e-08,-4.40383703613649e-09,-4.22752361042803e-09,-7.8722969302614e-10,5.33220752575345e-09,7.02021484232967e-09,4.06980317724548e-08,-8.47997739467695e-09,-3.79785616575418e-09,-1.94090879681869e-08,-1.06658665852697e-11,5.22618291890486e-10,1.45682977862445e-10,1.99693854015829e-11,1.22432328908596e-10,9.77193429613217e-13,-5.26791289043189e-11,3.98305353392472e-12,4.3526652908107e-11,3.18416213350204e-11,-1.25919907274742e-08,1.62759302037645e-08,1.07313396270123e-08,-1.63849491919819e-08,-3.97775062698185e-08,2.45984067313975e-08,7.73717442311837e-10,4.67874904937781e-08,-1.18579217364371e-08,-8.95112774695627e-09,-3.32795118285978e-10,0,0,0,0,-2.32680527822335e-09,-1.01694741105071e-10,1.74052213940101e-09
NA,"p_NC_50_64",-2.89996748266842e-09,1.45835468091924e-08,2.11986363884398e-09,-4.63218597583578e-09,0,0,0,0,0,0,0,0,0,0,0,0,0,0,0,0,0,0,0,0,0,0,0,0,0,0,0,0,0,0,0,0,0,0,0,0,-3.56313636502144e-08,-2.47585637436001e-08,3.6620945304419e-09,-2.49779788037423e-08,-3.51840140531008e-08,-6.13054707070879e-09,-1.22759870380216e-08,-7.32310590217338e-09,-2.09786939748106e-08,-1.16647387394718e-08,-1.71117341730395e-09,3.15706702295686e-09,-7.65168372721075e-09,1.57783701120679e-08,-5.80578775368088e-09,-4.1058124822123e-09,4.00349757412847e-08,-1.48610176104543e-11,1.45682977862445e-10,6.11360685219651e-10,2.75716594710402e-11,2.77168361238045e-10,1.92973471125945e-11,-5.68121323407495e-11,-1.07144700071125e-12,2.7729284220256e-11,8.42454182393371e-11,-1.40167182467813e-07,1.68072031567523e-08,3.65572056564899e-09,-2.78530591476143e-11,3.29695625774033e-08,-9.43368587294445e-09,-1.83408964383013e-09,-2.40816620108631e-10,-7.62497182820188e-09,-2.85207623727627e-09,-4.77604617097996e-10,0,0,0,0,-1.98769733725872e-09,1.83498123499874e-09,8.46319899327644e-10
NA,"p_NC_65_79",-2.89378661676907e-09,1.12362077646672e-08,-2.24063788667633e-09,5.75214076401118e-12,0,0,0,0,0,0,0,0,0,0,0,0,0,0,0,0,0,0,0,0,0,0,0,0,0,0,0,0,0,0,0,0,0,0,0,0,1.1669659998071e-08,-9.41359883517546e-09,1.64939778773699e-08,-1.69766162547293e-08,1.51989243428663e-09,-2.41318819864953e-08,1.62051286601073e-08,6.54422473841008e-09,-8.99774409974769e-10,-1.46909235586823e-09,-5.42692585479213e-10,-3.71895034784354e-09,-2.68163704855069e-08,-7.02472000639399e-09,2.2755164321607e-09,5.82511029898588e-10,1.52202163140086e-08,7.61877214842188e-11,1.99693854015829e-11,2.75716594710402e-11,1.76278335904944e-10,7.67626865510920e-11,5.55655213476784e-11,1.92020140086649e-11,1.75646921227797e-11,6.73175069297025e-12,4.19190455727275e-11,-2.14815400662285e-09,-1.95822620921082e-08,3.69307356343583e-08,-1.85014986270082e-08,2.65213240659194e-09,-1.04266159504242e-08,1.03745813870381e-08,-1.98981101054146e-08,1.62926590267134e-08,9.03713321577733e-09,8.80663671247817e-11,0,0,0,0,2.24559788937448e-09,6.11033199547813e-10,-2.14587141073521e-09
NA,"p_NC_80_plus",1.79545512996012e-09,-2.89107054000344e-10,-5.65464799705967e-09,2.41915015079357e-10,0,0,0,0,0,0,0,0,0,0,0,0,0,0,0,0,0,0,0,0,0,0,0,0,0,0,0,0,0,0,0,0,0,0,0,0,-2.6513543205446e-08,-3.32707944351366e-09,-9.44886775850335e-09,1.3233073446177e-08,3.25496651373904e-08,-5.70105386569681e-08,2.40195168966782e-08,-2.58274825128103e-08,-8.69207602062273e-09,6.97186520964952e-09,4.00758002825067e-10,2.82043363537407e-09,-3.78647197635724e-08,1.55998986406199e-08,6.78132799555849e-09,-3.33900774574448e-10,8.9355687383002e-08,-3.97129045397379e-11,1.22432328908596e-10,2.77168361238045e-10,7.67626865510920e-11,2.00168304753869e-09,-9.40245961478648e-11,3.23632496765553e-11,2.29322828250874e-11,-5.51466871270143e-11,-8.45020767930704e-11,-1.22006340888615e-07,-1.21247729020309e-07,1.94958473016227e-08,-3.79499293865772e-08,-4.93129337681318e-09,2.73590319052765e-08,6.39925279317735e-09,-5.82445363203073e-08,1.67999319674741e-08,-1.64247871149851e-08,-2.76608436849193e-10,0,0,0,0,1.68516932006387e-09,3.92991703395782e-09,4.70834460606444e-09
NA,"p_NC_weekend_15_24",-4.2706000326596e-09,1.0191993010626e-08,-2.06244879523526e-09,-9.40283232572694e-10,0,0,0,0,0,0,0,0,0,0,0,0,0,0,0,0,0,0,0,0,0,0,0,0,0,0,0,0,0,0,0,0,0,0,0,0,1.86361425481513e-08,-2.71425431030587e-09,2.2189357549899e-08,-1.88526521059208e-09,-1.52765615160392e-08,1.23957780542155e-08,7.98136882748668e-09,-2.0584745858062e-09,-4.76145708582247e-10,-1.51463441200256e-08,3.25057465565125e-09,-2.47276935886139e-09,9.62347736847177e-09,1.71763524318103e-09,-1.33740497503102e-09,-8.92387316481076e-10,1.29997816709459e-08,4.64601351184802e-11,9.77193429613217e-13,1.92973471125945e-11,5.55655213476784e-11,-9.40245961478648e-11,2.25499732388678e-10,-7.1747441022617e-11,5.02715714435948e-12,9.07236859270121e-12,4.63659843673654e-11,-1.88812252978704e-08,-4.91065576109467e-08,2.73357984216959e-08,6.90223698011035e-09,5.79717328397567e-09,-2.0746948724681e-08,-9.44106940318205e-09,-1.7708132494283e-08,2.61093490908476e-08,9.27147707279e-09,-4.9696683279152e-12,0,0,0,0,1.74712724067461e-09,4.5548449248203e-10,-5.51860954289164e-09
NA,"p_NC_weekend_25_49",2.35769991016878e-09,-8.42204033030123e-09,1.70882953532516e-09,2.30857321656826e-09,0,0,0,0,0,0,0,0,0,0,0,0,0,0,0,0,0,0,0,0,0,0,0,0,0,0,0,0,0,0,0,0,0,0,0,0,-2.36219479115965e-08,7.01548997401983e-10,2.22931032237247e-08,1.07318446983898e-08,2.18068309066585e-08,-2.84995145769856e-08,9.43495786467591e-09,2.6286115618923e-10,4.20570812765176e-09,9.08001296220203e-09,4.93428184553966e-09,-8.74090726613265e-09,-4.03963494387587e-08,-9.06470672167226e-10,4.51565555385929e-09,4.75354934611206e-09,1.18636645349118e-08,1.32019800945833e-11,-5.26791289043189e-11,-5.68121323407495e-11,1.92020140086649e-11,3.23632496765553e-11,-7.1747441022617e-11,2.72924568860582e-10,2.83232118559183e-11,-2.20847805148719e-12,-2.51270653573168e-11,-1.34201161987225e-08,-8.9201267195279e-08,3.2344058447891e-08,-1.25704238151094e-08,2.22576819677429e-08,4.50006150596054e-09,9.17617750174981e-09,-6.4806760813401e-08,-2.21228055804502e-09,1.20280921808705e-08,-6.15451817285444e-11,0,0,0,0,2.42048158044197e-09,3.52246057343315e-09,-1.45433316424344e-09
NA,"p_NC_weekend_50_64",1.17551927251927e-09,-3.51592757232323e-08,1.30249874011984e-09,1.99459255848791e-09,0,0,0,0,0,0,0,0,0,0,0,0,0,0,0,0,0,0,0,0,0,0,0,0,0,0,0,0,0,0,0,0,0,0,0,0,-1.71176786744748e-08,6.1124281909224e-09,-8.72092749849443e-09,2.10576413713257e-08,2.33791526931062e-08,-3.17560312494276e-08,1.53452087301716e-08,-1.46755552361366e-10,-5.95623198796703e-10,5.61821556264726e-09,-2.7503120057739e-10,-4.74288891105467e-10,2.51075672058702e-09,-6.61221921377616e-09,4.36685319498876e-09,-8.92482424090883e-10,-6.32541498022307e-09,2.23467222728955e-11,3.98305353392472e-12,-1.07144700071125e-12,1.75646921227797e-11,2.29322828250874e-11,5.02715714435948e-12,2.83232118559183e-11,1.27669950910796e-10,1.30175766883441e-11,-5.07245978060129e-12,3.4848857222008e-08,3.49517874547125e-09,-2.46899351962683e-08,-3.83579604728994e-09,-1.59903014630883e-08,1.27328616747427e-08,-3.32988933250308e-09,1.18095670578362e-08,-7.39834443674656e-09,2.53441379174376e-09,-1.94860740860708e-11,0,0,0,0,9.90197465926043e-10,1.28344623591771e-09,8.67452170677595e-10
NA,"p_NC_weekend_65_79",-4.34103170682721e-10,-1.22480575521927e-08,2.18001353748565e-09,-5.25875640260533e-10,0,0,0,0,0,0,0,0,0,0,0,0,0,0,0,0,0,0,0,0,0,0,0,0,0,0,0,0,0,0,0,0,0,0,0,0,6.34081838186593e-11,-7.77099703088473e-09,-1.04455933488085e-08,-6.1319480098432e-09,-4.83035040421487e-09,1.40311590696822e-08,-3.0870933974509e-09,1.21186025772633e-08,5.89105915245316e-09,-1.22053565318001e-09,-2.6734865172217e-09,-7.17611040778661e-10,-5.63029779325656e-09,1.6359846729397e-09,-2.65309648231027e-09,1.09681975201105e-09,-2.23207574020914e-08,7.48858703870762e-12,4.3526652908107e-11,2.7729284220256e-11,6.73175069297025e-12,-5.51466871270143e-11,9.07236859270121e-12,-2.20847805148719e-12,1.30175766883441e-11,1.13857543552679e-10,4.59618956686154e-11,2.28332517768935e-08,4.76404089657162e-08,-1.36262558107414e-08,-3.95518605009286e-09,-6.82259820863857e-09,1.26205355065587e-09,6.8862050215747e-09,3.40234428187367e-09,-4.08939469335832e-09,5.01112677949355e-10,-3.98291809545453e-11,0,0,0,0,1.88920859475732e-10,-1.16601835672899e-10,1.5450888272213e-10
NA,"p_NC_weekend_80_plus",-5.5825429771753e-09,3.32142174623639e-08,1.30393960454644e-09,-6.05783563165219e-10,0,0,0,0,0,0,0,0,0,0,0,0,0,0,0,0,0,0,0,0,0,0,0,0,0,0,0,0,0,0,0,0,0,0,0,0,-5.28033293110773e-09,-1.97483994701492e-08,2.11500666466413e-08,-4.60880618807713e-08,-4.59779218428208e-08,1.02984355219524e-08,-3.16789825696687e-08,2.32477827725109e-08,-5.21440309444558e-09,5.47434700416441e-09,5.52570851665308e-09,-7.79663549970201e-09,-1.58745802707949e-08,2.43324873408018e-08,4.35031904801494e-09,9.00597780644224e-10,2.25229979620875e-08,6.25754336532555e-11,3.18416213350204e-11,8.42454182393371e-11,4.19190455727275e-11,-8.45020767930704e-11,4.63659843673654e-11,-2.51270653573168e-11,-5.07245978060129e-12,4.59618956686154e-11,1.02413320479256e-09,-4.97086994721924e-08,-5.84770382955261e-08,3.90114641667748e-08,3.05590928117534e-08,-3.93051949373284e-09,2.79154025610136e-08,3.63703836778355e-09,-1.25819127076334e-08,1.36546857626778e-08,-1.01471600607267e-08,-5.96589385027327e-11,0,0,0,0,-1.6861327132735e-09,-2.05750405715734e-09,4.73366334227035e-10
NA,"p_W_D",4.28961026901839e-06,2.38448379051059e-05,-6.59360163728032e-06,5.08057745935165e-06,0,0,0,0,0,0,0,0,0,0,0,0,0,0,0,0,0,0,0,0,0,0,0,0,0,0,0,0,0,0,0,0,0,0,0,0,-1.62106944595697e-05,5.05045249494632e-07,-3.96115533043124e-05,5.33094523855439e-06,-2.71170464320118e-05,-5.60775687754562e-06,4.40260121837997e-05,2.88256215283917e-05,1.12077964610646e-05,1.95105798958981e-05,-7.52571120325776e-06,-1.06287375741642e-05,-1.05185717966246e-05,-1.06621856419513e-05,2.80159977282848e-05,1.01783538524656e-05,-0.000177076695918089,4.6108540552472e-08,-1.25919907274742e-08,-1.40167182467813e-07,-2.14815400662285e-09,-1.22006340888615e-07,-1.88812252978704e-08,-1.34201161987225e-08,3.4848857222008e-08,2.28332517768935e-08,-4.97086994721924e-08,0.000982875117158828,0.000111266036416265,-5.62862891615253e-05,4.34477122835366e-05,-7.03373836901206e-05,5.08931077033288e-05,1.66349888586399e-05,6.0107958109056e-05,-3.47829979076356e-05,-2.73544156194266e-06,1.23151723353046e-07,0,0,0,0,1.30198867755212e-06,-2.83422132972443e-06,2.68612174417292e-06
NA,"rel_p_D_alpha",2.81924143115227e-06,8.45578861266362e-06,2.89078698398807e-06,-3.8673201367986e-06,0,0,0,0,0,0,0,0,0,0,0,0,0,0,0,0,0,0,0,0,0,0,0,0,0,0,0,0,0,0,0,0,0,0,0,0,-1.08563463296451e-06,-6.48420512387573e-05,-0.000207780368733452,-0.00011244871094252,-0.0001064724548635,3.20000673635133e-05,5.45937262370335e-06,1.25692037380516e-05,5.22738045189334e-06,2.42618738384605e-06,-4.19677648000112e-05,7.135480982041e-06,5.1152756078371e-05,9.73489944003463e-06,-3.22533977074967e-06,-1.54050374856353e-06,-1.88500431048091e-05,1.31787766254183e-08,1.62759302037645e-08,1.68072031567523e-08,-1.95822620921082e-08,-1.21247729020309e-07,-4.91065576109467e-08,-8.9201267195279e-08,3.49517874547125e-09,4.76404089657162e-08,-5.84770382955261e-08,0.000111266036416265,0.000618984530590465,-0.000119987114502241,3.82944660881232e-05,-7.45066679270414e-05,4.18998491237893e-05,-9.67664391036142e-06,8.29063281535958e-05,-9.40939969896324e-06,-1.93724531687916e-05,-2.07860517455604e-07,0,0,0,0,-2.40693105115862e-06,-3.4320556406575e-06,3.13752904851549e-06
NA,"rel_p_D_delta",-1.71292706619782e-06,8.97213658707704e-06,-9.07187437032693e-07,-1.67660026188673e-07,0,0,0,0,0,0,0,0,0,0,0,0,0,0,0,0,0,0,0,0,0,0,0,0,0,0,0,0,0,0,0,0,0,0,0,0,1.41717146298517e-05,1.02797780305135e-05,5.35680872449747e-05,-1.37941739214707e-05,2.85289313761897e-06,-4.31963076174519e-06,8.26440143575725e-06,-2.53691270908201e-06,4.64460389635e-06,-3.46410742684403e-06,4.91903800175657e-06,-4.24648113512237e-06,-7.5387069784674e-06,-6.46071604412904e-06,-4.99927283726982e-07,1.68044168205623e-06,1.38783460127944e-05,9.04069408038463e-10,1.07313396270123e-08,3.65572056564899e-09,3.69307356343583e-08,1.94958473016227e-08,2.73357984216959e-08,3.2344058447891e-08,-2.46899351962683e-08,-1.36262558107414e-08,3.90114641667748e-08,-5.62862891615253e-05,-0.000119987114502241,8.9080048159527e-05,-3.15112895060945e-05,2.56926174306703e-05,-2.07610639520303e-05,-4.19207191645484e-06,-3.50381031693771e-05,9.06673769700168e-06,3.9124069688563e-06,1.17486495750727e-07,0,0,0,0,1.1319358361541e-06,1.39652631009934e-06,-3.09213396031741e-06
NA,"rel_p_D_omicron",1.15954472296504e-06,5.66151644658682e-06,1.68485686693629e-07,5.79136856000616e-07,0,0,0,0,0,0,0,0,0,0,0,0,0,0,0,0,0,0,0,0,0,0,0,0,0,0,0,0,0,0,0,0,0,0,0,0,2.34709819170217e-06,-8.1713395661144e-06,-1.9649724064343e-05,7.45661963180221e-06,-4.79367766095526e-05,-5.06382878752303e-06,-8.14250086116745e-06,8.43160348358596e-06,-2.57043397064026e-06,2.48812539171107e-06,-4.3738440777049e-06,5.39208868125733e-07,9.96982422126018e-06,2.86693464357693e-06,-1.41381612265778e-07,-7.70591805273061e-07,-1.28674624373211e-05,1.31280355364249e-08,-1.63849491919819e-08,-2.78530591476143e-11,-1.85014986270082e-08,-3.79499293865772e-08,6.90223698011035e-09,-1.25704238151094e-08,-3.83579604728994e-09,-3.95518605009286e-09,3.05590928117534e-08,4.34477122835366e-05,3.82944660881232e-05,-3.15112895060945e-05,8.01857970035237e-05,-3.41990720970181e-06,-2.3825394775499e-06,-3.57404630726202e-06,1.9535197928527e-06,1.44801407208002e-05,-3.35779785608656e-06,-1.90322127879976e-08,0,0,0,0,-1.35296715722e-07,-8.60175758140355e-07,4.50368678029676e-07
NA,"rel_p_H_alpha",6.62859881771675e-07,6.72233958069048e-06,1.75654929513176e-06,-1.20847489372049e-06,0,0,0,0,0,0,0,0,0,0,0,0,0,0,0,0,0,0,0,0,0,0,0,0,0,0,0,0,0,0,0,0,0,0,0,0,-3.79831981642923e-07,1.21036719478217e-05,2.54330268674821e-05,7.85743286299599e-06,1.24974169228382e-05,4.03667824444752e-06,5.42691690999096e-06,-1.30447365535582e-05,-8.52093113484616e-07,-3.28079204226616e-08,3.04792573877518e-06,-1.39222916861539e-05,-2.53537781849701e-05,-8.3724401221173e-06,-9.44235430031326e-07,2.03264706396191e-06,1.24758910865929e-05,-1.66357574540356e-08,-3.97775062698185e-08,3.29695625774033e-08,2.65213240659194e-09,-4.93129337681318e-09,5.79717328397567e-09,2.22576819677429e-08,-1.59903014630883e-08,-6.82259820863857e-09,-3.93051949373284e-09,-7.03373836901206e-05,-7.45066679270414e-05,2.56926174306703e-05,-3.41990720970181e-06,0.000115854714476652,-5.72424681418968e-05,1.75108756188955e-06,-7.05597720029114e-05,2.77999027693659e-05,5.67972146426493e-06,6.43909533809221e-09,0,0,0,0,-6.21490772516486e-07,7.57044659746656e-07,-1.4380539775821e-06
