"region","name","alpha_admission","alpha_D","alpha_death_hosp","alpha_H","beta1","beta10","beta11","beta12","beta13","beta14","beta15","beta16","beta17","beta18","beta19","beta2","beta20","beta21","beta22","beta23","beta24","beta25","beta26","beta27","beta28","beta29","beta3","beta30","beta31","beta32","beta33","beta34","beta35","beta36","beta4","beta5","beta6","beta7","beta8","beta9","mu_D","mu_D_2","mu_D_3","mu_D_4","mu_D_5","mu_gamma_H","mu_gamma_H_2","mu_gamma_H_3","mu_gamma_H_4","p_G_D","p_G_D_2","p_H","p_H_2","p_H_D","p_ICU","p_ICU_2","p_ICU_D","p_NC_15_24","p_NC_25_49","p_NC_50_64","p_NC_65_79","p_NC_80_plus","p_NC_weekend_15_24","p_NC_weekend_25_49","p_NC_weekend_50_64","p_NC_weekend_65_79","p_NC_weekend_80_plus","p_W_D","rel_p_D_alpha","rel_p_D_delta","rel_p_D_omicron","rel_p_H_alpha","rel_p_H_delta","rel_p_H_omicron","rel_p_ICU_alpha","rel_p_ICU_delta","rel_p_ICU_omicron","rho_pillar2_tests","seed_date_alpha","seed_date_delta","seed_date_omicron","start_date","ta_alpha","ta_delta","ta_omicron"
NA,"alpha_admission",1.38111633817531e-06,-1.89797012495749e-06,6.52010551033558e-07,1.0119741110786e-07,0,0,0,0,0,0,0,0,0,0,0,0,0,0,0,0,0,0,0,0,0,0,0,0,0,0,0,0,0,0,0,0,0,0,0,0,1.52363849389398e-06,-5.18146666851782e-07,-2.32183148164718e-06,-4.81791533536671e-07,-1.49865300672837e-07,3.18514763621265e-06,-4.72741342057475e-06,5.51662439680187e-07,-8.62427168281071e-07,1.28755995033849e-06,-2.9312856800283e-07,1.35358833303306e-07,2.46436525787626e-06,-4.32445919662048e-07,6.16439140441863e-07,2.72518982624802e-07,-2.2387983138074e-06,-1.96853730282454e-09,4.63953449433638e-09,7.07880007292426e-11,1.22637146856333e-09,5.78189369347072e-09,9.58756942501862e-10,-2.25391492150898e-09,3.66461922437036e-09,6.11380960453892e-10,-1.01709951269298e-08,4.44689718330879e-06,6.14559684056684e-06,-9.47619685628886e-07,-1.64329337204379e-06,-1.35341679012031e-06,-2.07666404072132e-07,-6.30689334595466e-07,-3.69247716515323e-06,1.20701503167468e-06,-5.45539717448531e-07,-1.13398143646383e-08,0,0,0,0,1.87765586419501e-07,3.53889629285585e-07,-6.12937750228823e-07
NA,"alpha_D",-1.89797012495749e-06,0.000113527365555493,-1.2575732408352e-06,7.97327831001332e-08,0,0,0,0,0,0,0,0,0,0,0,0,0,0,0,0,0,0,0,0,0,0,0,0,0,0,0,0,0,0,0,0,0,0,0,0,-1.04783856556767e-05,-1.24390301474376e-06,-1.93266668147272e-05,-2.63611566317078e-05,-4.25286447098679e-05,2.68114967901075e-05,-6.22136260148009e-06,-1.00222792546892e-05,8.30621765277223e-06,-9.91608222032268e-06,-2.45282682459478e-06,1.94138699156151e-06,1.48650807652538e-05,4.51078304374172e-06,-3.32714881840175e-06,-1.65157905572678e-06,-5.77077234752e-06,-3.84600708998513e-09,1.0107232963005e-09,-1.65146521374457e-08,1.28755726455545e-08,-6.35989557384541e-08,1.19607170080068e-08,-2.48190758106854e-08,-3.9709553152383e-09,-1.82867180563175e-08,2.76270406839818e-08,-2.4278990452212e-06,4.01231435858763e-05,1.26162400624787e-05,2.16348391063772e-05,1.22277391007134e-05,-7.24848204566476e-06,-1.32981460825797e-05,1.81688678055898e-05,-3.00867357974578e-06,-2.17889169532424e-06,-1.45984472629618e-08,0,0,0,0,-3.41969212658435e-07,-3.77485489191426e-07,-1.27717683909879e-06
NA,"alpha_death_hosp",6.52010551033558e-07,-1.2575732408352e-06,3.34273554748522e-06,-2.74432169429399e-08,0,0,0,0,0,0,0,0,0,0,0,0,0,0,0,0,0,0,0,0,0,0,0,0,0,0,0,0,0,0,0,0,0,0,0,0,-4.11476774366459e-07,1.12147205362367e-06,-5.14043301451762e-06,-2.15232097056304e-06,-1.93128860425947e-06,1.10361113991486e-05,-4.92822223737426e-06,2.49750276503339e-06,-2.16527822379561e-06,7.82088833793972e-07,-8.88559243484779e-08,-4.30479272868049e-07,1.2686844504709e-06,9.19747984042541e-07,1.04094002971463e-06,5.47459959702429e-07,-1.7198339807764e-06,-9.36924054425273e-10,1.89312433894484e-09,-1.72399391397515e-08,3.09627321637434e-09,2.55103163908508e-08,-5.65969572556868e-09,-4.84879996036972e-09,3.47870793724446e-09,2.70093043792656e-10,-9.74635175259624e-09,1.17681661347246e-06,7.06850503006664e-06,-9.82846439016036e-08,-1.46264297916402e-06,1.8783045414181e-06,-1.63561182535278e-06,5.0809654268587e-07,-5.24549522756054e-06,9.58081919494641e-07,-1.04038695167869e-06,-9.5980883645638e-09,0,0,0,0,5.51930912811068e-08,8.0642788783916e-08,-2.45055973679773e-07
NA,"alpha_H",1.0119741110786e-07,7.97327831001332e-08,-2.74432169429399e-08,5.21547251881485e-07,0,0,0,0,0,0,0,0,0,0,0,0,0,0,0,0,0,0,0,0,0,0,0,0,0,0,0,0,0,0,0,0,0,0,0,0,-3.56772296733234e-07,-6.50889559260419e-09,8.30814333329027e-07,1.48659537259985e-06,2.3440587922686e-06,-2.80280502982776e-06,1.14237310747249e-07,-2.46391543528777e-07,9.84083939019081e-08,3.71032531851383e-07,2.30540098077311e-07,3.38842852627394e-07,1.74667488674323e-06,1.74217536001317e-07,5.75907359062656e-10,-6.64297147034048e-08,-8.42341651056879e-07,-7.94325958516209e-10,1.3244092576677e-09,2.64413916860758e-09,-1.97791020727092e-10,-2.02258477561017e-09,1.32385617620927e-09,2.63327096736296e-10,1.77103640831291e-09,1.96650817400651e-10,-2.19148235516341e-09,1.26936940642927e-06,-2.25857196221904e-06,-6.81526507025614e-07,-1.21349898164986e-06,-9.25884533171319e-07,-2.49390263762995e-07,-5.91564589932656e-07,3.47598681465962e-07,-3.38692186217686e-07,1.02732240439772e-07,6.80413191155216e-09,0,0,0,0,9.37341611916153e-08,1.46273928054715e-07,-3.31493253041749e-07
NA,"mu_D",1.52363849389398e-06,-1.04783856556767e-05,-4.11476774366459e-07,-3.56772296733234e-07,0,0,0,0,0,0,0,0,0,0,0,0,0,0,0,0,0,0,0,0,0,0,0,0,0,0,0,0,0,0,0,0,0,0,0,0,3.52204371331919e-05,5.19969718928879e-06,-7.60847328053385e-06,8.34331486984527e-06,-1.83474045247579e-05,1.81778236650002e-05,-5.20388813627277e-06,-1.11021412316895e-06,1.66421803386014e-06,2.83234149843083e-06,-1.46629795897022e-06,3.61790632345281e-06,2.86948669040126e-06,-5.08827902760706e-06,-2.12676072280012e-06,2.52683356076775e-07,-8.38907272677489e-06,-1.96248949213014e-08,-1.61628922140817e-08,-5.68790390832437e-08,-7.32363390720767e-09,-2.90460611086511e-08,-1.52626611188389e-08,-7.558020583542e-09,-9.93567660038994e-09,-7.90336465157591e-09,1.04692280687938e-08,3.47504637561437e-06,2.64013138801183e-05,-1.03805916833542e-05,1.97454526630438e-05,-1.20393329719745e-05,3.30524044844921e-06,2.76051129426259e-07,9.92073559411984e-07,-8.45037779980459e-07,9.75389664223145e-07,-5.13558172788599e-09,0,0,0,0,-2.02280236661175e-07,-4.64149312873848e-08,1.34414537637866e-06
NA,"mu_D_2",-5.18146666851782e-07,-1.24390301474376e-06,1.12147205362367e-06,-6.50889559260419e-09,0,0,0,0,0,0,0,0,0,0,0,0,0,0,0,0,0,0,0,0,0,0,0,0,0,0,0,0,0,0,0,0,0,0,0,0,5.19969718928879e-06,1.28086265026807e-05,-6.32107729658354e-06,4.17769503764105e-06,-6.52418634687733e-06,7.6882640039646e-06,-9.0174596977948e-07,1.14175283559417e-06,-1.24156255673034e-06,7.1779271293625e-07,3.79900403863934e-07,-6.25651059212121e-07,-7.40577456997472e-06,2.27515705104337e-06,5.46965928832532e-07,7.0965980297797e-07,-1.00883677337465e-05,-2.30332605104965e-08,7.79831273372382e-09,-3.32221850619823e-08,-8.59279061154916e-09,2.18187858703558e-08,-8.41727727618723e-09,7.04294885555842e-09,2.1765980864516e-10,-2.48727426148563e-09,-2.95306191616293e-09,-4.82177992518436e-06,5.56288890807181e-07,-3.34863908059805e-06,9.13345022014379e-06,5.05490287929628e-07,4.64802835701626e-06,2.97479057232536e-06,-1.94424592453879e-05,8.14143431618153e-06,1.03917226882725e-06,-1.44325075379071e-08,0,0,0,0,2.90922456826453e-08,-3.26773278880069e-07,1.61495782740895e-07
NA,"mu_D_3",-2.32183148164718e-06,-1.93266668147272e-05,-5.14043301451762e-06,8.30814333329027e-07,0,0,0,0,0,0,0,0,0,0,0,0,0,0,0,0,0,0,0,0,0,0,0,0,0,0,0,0,0,0,0,0,0,0,0,0,-7.60847328053385e-06,-6.32107729658354e-06,4.32801348325741e-05,7.1163777825916e-06,2.22681916217411e-05,-4.02087959544173e-05,1.67372412132172e-05,-9.52426503019874e-06,4.32822976358914e-07,-2.23554136474767e-06,2.35776820210707e-06,1.14810497407295e-06,-4.3104193118638e-06,-3.61218763371998e-06,-3.61605819495925e-06,-1.51288793353563e-06,1.19505794390198e-05,7.76930207197474e-09,-1.09917781063797e-08,4.31973079092631e-10,-9.47166913121922e-09,-7.90917515673725e-08,1.28615273684682e-08,7.01001106388895e-09,-1.08814459917587e-08,-5.67012383629258e-09,2.47010810353286e-08,4.09035787672244e-07,-5.75457165943238e-05,1.16791616706463e-05,-1.21902957584518e-05,-4.0121193940938e-06,7.77162822898417e-06,-1.43685658455869e-06,2.35990944814752e-05,-1.29428701229545e-05,2.56860380264431e-06,7.81748095729717e-08,0,0,0,0,-5.38719867646528e-07,-6.85103871377371e-07,2.0215951500861e-06
NA,"mu_D_4",-4.81791533536671e-07,-2.63611566317078e-05,-2.15232097056304e-06,1.48659537259985e-06,0,0,0,0,0,0,0,0,0,0,0,0,0,0,0,0,0,0,0,0,0,0,0,0,0,0,0,0,0,0,0,0,0,0,0,0,8.34331486984527e-06,4.17769503764105e-06,7.1163777825916e-06,4.22119218046593e-05,1.63261433901752e-05,-9.79417534784265e-06,5.72241579933547e-06,-1.57274963264976e-06,-1.54356020549514e-06,5.04472595168734e-06,2.40717404221863e-06,1.9432955550942e-06,-5.83633131572805e-06,-3.61224143993851e-06,6.32105653016506e-07,-3.43237771034035e-07,2.70891031526413e-06,-1.03947304212499e-08,2.55790410318044e-08,-2.52419864922777e-08,-1.91647088294716e-08,5.27338644594979e-08,2.28643190420456e-09,2.88902399841655e-08,-8.28570038436836e-09,9.49623981395141e-09,-3.67087784489044e-08,-5.02870362650087e-06,-1.55255456338002e-05,-2.59832466272513e-05,4.22898782966612e-06,-7.32149331578818e-06,1.13624526857056e-06,5.57521395050836e-06,1.09586501213611e-05,-9.02669098545252e-06,3.9794702889651e-06,3.83114796424767e-08,0,0,0,0,1.84362465483644e-07,-4.89204928484784e-07,1.55485505532925e-06
NA,"mu_D_5",-1.49865300672837e-07,-4.25286447098679e-05,-1.93128860425947e-06,2.3440587922686e-06,0,0,0,0,0,0,0,0,0,0,0,0,0,0,0,0,0,0,0,0,0,0,0,0,0,0,0,0,0,0,0,0,0,0,0,0,-1.83474045247579e-05,-6.52418634687733e-06,2.22681916217411e-05,1.63261433901752e-05,0.000103984415750365,-4.06918619966628e-05,2.27555722285575e-05,1.84118046320004e-05,-1.76209626619408e-06,4.04939813560148e-06,6.39401192097053e-06,-1.3728323965942e-05,-1.92403776655435e-05,7.69233236656088e-06,3.79231463596814e-06,9.5413626731621e-07,1.14474557866319e-05,6.10808920447686e-08,6.35412618095762e-08,1.29136717207309e-07,-1.07787021759992e-08,7.72351656364502e-08,2.93453809732098e-08,1.07399144316343e-08,-4.81247784916512e-09,2.85866034309569e-08,4.15389199982545e-08,2.79852108723439e-05,-6.82542400075616e-05,-7.99799824718699e-06,-7.34813388884156e-05,2.47137431890205e-05,-2.48480912194438e-06,1.31167889514737e-06,-1.68979941021956e-06,3.57967875933096e-06,2.39069804600929e-06,2.52271118054293e-07,0,0,0,0,2.12323928503826e-07,-4.4093468263649e-06,5.43066959026928e-06
NA,"mu_gamma_H",3.18514763621265e-06,2.68114967901075e-05,1.10361113991486e-05,-2.80280502982776e-06,0,0,0,0,0,0,0,0,0,0,0,0,0,0,0,0,0,0,0,0,0,0,0,0,0,0,0,0,0,0,0,0,0,0,0,0,1.81778236650002e-05,7.6882640039646e-06,-4.02087959544173e-05,-9.79417534784265e-06,-4.06918619966628e-05,0.000141772362731088,-3.37261146750048e-05,3.43451322853879e-06,1.33700468517066e-06,9.28089018842436e-06,-1.98796043589824e-06,-2.27318625707849e-06,-1.17699303448266e-05,7.70335140966657e-06,4.16833498867179e-06,2.31470154110371e-06,-1.00900144656127e-05,-4.29673936830823e-08,2.30148279857739e-08,-8.80919400869729e-08,3.49713421983482e-09,8.68481080922169e-08,-1.08882584487876e-08,-7.69786050237033e-09,-1.09543708080681e-08,-1.15715326431353e-08,2.84346538712173e-08,-4.03336977969439e-06,6.83284497597849e-05,-1.55524000740172e-05,2.25099202781463e-05,9.78154686976e-06,-8.41196417604133e-06,1.60154452652328e-05,-3.56310962400933e-05,1.59457288967518e-05,-3.62370400708209e-06,-4.60167190337184e-08,0,0,0,0,-1.67118069169893e-08,-6.81265996083795e-07,1.3986116081054e-07
NA,"mu_gamma_H_2",-4.72741342057475e-06,-6.22136260148009e-06,-4.92822223737426e-06,1.14237310747249e-07,0,0,0,0,0,0,0,0,0,0,0,0,0,0,0,0,0,0,0,0,0,0,0,0,0,0,0,0,0,0,0,0,0,0,0,0,-5.20388813627277e-06,-9.0174596977948e-07,1.67372412132172e-05,5.72241579933547e-06,2.27555722285575e-05,-3.37261146750048e-05,5.69755054797829e-05,4.29187847799769e-06,-4.43729476597009e-07,-2.62600615040321e-06,3.43647442403087e-06,-1.92307491640872e-06,-4.70133964736995e-06,2.81211952907265e-06,-3.09996300738955e-06,-1.55095985611873e-06,2.06527462838929e-05,2.29206749341952e-08,-6.32791842218814e-08,2.76722319934313e-08,-3.1280153144882e-08,-1.00848020059688e-08,3.20801704784376e-09,4.46433961311163e-09,-1.16788544044685e-08,7.4392061298089e-09,3.40161994503803e-08,-2.4660158699228e-05,-3.61221003197345e-05,4.18714361430972e-06,-1.36755467952764e-05,-4.40504933105224e-06,6.47737377265739e-06,-4.52052373933562e-06,2.70743378367195e-05,8.80509095991976e-07,4.3972665512162e-07,1.05014483483125e-07,0,0,0,0,-6.12239624510636e-07,-2.36516533408441e-06,4.54868576109702e-06
NA,"mu_gamma_H_3",5.51662439680187e-07,-1.00222792546892e-05,2.49750276503339e-06,-2.46391543528777e-07,0,0,0,0,0,0,0,0,0,0,0,0,0,0,0,0,0,0,0,0,0,0,0,0,0,0,0,0,0,0,0,0,0,0,0,0,-1.11021412316895e-06,1.14175283559417e-06,-9.52426503019874e-06,-1.57274963264976e-06,1.84118046320004e-05,3.43451322853879e-06,4.29187847799769e-06,3.73781424573341e-05,-5.2009950290485e-06,2.48449043812037e-06,2.91668638007403e-07,-6.25561047461671e-06,-1.50782696395218e-05,1.29997115141653e-06,3.75844504562693e-06,1.88303652949327e-06,1.29709590858918e-05,-5.1770442929421e-09,1.1542691956779e-08,2.09467425025773e-08,-1.02403052132924e-08,1.669125802201e-08,4.21649073888462e-09,-1.84155995866491e-08,-2.36492495232067e-08,1.83082535667802e-08,5.05977968959905e-08,1.75220428235365e-08,2.11141845273524e-05,-8.11776920309366e-06,-1.78058723236933e-05,-3.21440824929117e-06,7.69461805089311e-06,9.85936120314874e-06,-7.70335608066426e-06,7.33741524286349e-06,-5.19473504984288e-06,9.18958204701423e-08,0,0,0,0,3.11645681125622e-07,-1.56241874053729e-06,2.5957509158643e-06
NA,"mu_gamma_H_4",-8.62427168281071e-07,8.30621765277223e-06,-2.16527822379561e-06,9.84083939019081e-08,0,0,0,0,0,0,0,0,0,0,0,0,0,0,0,0,0,0,0,0,0,0,0,0,0,0,0,0,0,0,0,0,0,0,0,0,1.66421803386014e-06,-1.24156255673034e-06,4.32822976358914e-07,-1.54356020549514e-06,-1.76209626619408e-06,1.33700468517066e-06,-4.43729476597009e-07,-5.2009950290485e-06,1.02919146156378e-05,-3.57304801699736e-06,2.26016505053395e-07,7.63676286632976e-07,-4.00667786980457e-06,2.10772375899899e-06,2.38071960456782e-07,-1.11198944125154e-06,7.65667994645644e-06,9.8010325077629e-09,3.70862793293599e-09,3.50396886031701e-08,1.16590819040601e-08,-2.06533810961326e-08,1.74576303361178e-08,1.07208208993306e-08,5.29510059505057e-09,-8.86070658052451e-09,2.12664247630746e-08,-4.48018986185023e-06,-1.30922565111961e-05,1.34883948292326e-06,3.1439388886072e-06,-1.16084419150484e-06,-5.29987425830193e-08,1.72308768774652e-06,2.67763458137464e-06,-1.53908950538083e-07,2.2424234397905e-06,2.83447980354275e-08,0,0,0,0,1.26528939457965e-09,-4.47299002142291e-07,3.70400661126301e-07
NA,"p_G_D",1.28755995033849e-06,-9.91608222032268e-06,7.82088833793972e-07,3.71032531851383e-07,0,0,0,0,0,0,0,0,0,0,0,0,0,0,0,0,0,0,0,0,0,0,0,0,0,0,0,0,0,0,0,0,0,0,0,0,2.83234149843083e-06,7.1779271293625e-07,-2.23554136474767e-06,5.04472595168734e-06,4.04939813560148e-06,9.28089018842436e-06,-2.62600615040321e-06,2.48449043812037e-06,-3.57304801699736e-06,8.40573934891531e-06,4.42826170803604e-07,-1.38276023052756e-07,4.4720808791153e-06,1.25884935515374e-06,-5.02336765519497e-07,7.34503692732159e-07,-4.87924318019526e-06,-1.39907434440602e-08,4.37616327822529e-09,-1.36542803178195e-08,-3.36211467237184e-09,2.58904453492035e-08,-6.09335126811235e-09,-5.0743349527375e-09,-2.68438847067932e-10,2.83036899656934e-09,3.09823768816792e-09,7.08328701207767e-06,7.26610346172231e-06,-6.08749998792366e-06,-4.67175423903487e-06,-1.5741413731465e-06,-4.69791190774797e-07,-1.25373025759062e-06,-9.98047067629314e-06,4.86341540840662e-06,-1.0047825435041e-06,-3.21234412644985e-08,0,0,0,0,2.67622566450543e-07,3.75659669750243e-07,-9.22976679361466e-07
NA,"p_G_D_2",-2.9312856800283e-07,-2.45282682459478e-06,-8.88559243484779e-08,2.30540098077311e-07,0,0,0,0,0,0,0,0,0,0,0,0,0,0,0,0,0,0,0,0,0,0,0,0,0,0,0,0,0,0,0,0,0,0,0,0,-1.46629795897022e-06,3.79900403863934e-07,2.35776820210707e-06,2.40717404221863e-06,6.39401192097053e-06,-1.98796043589824e-06,3.43647442403087e-06,2.91668638007403e-07,2.26016505053395e-07,4.42826170803604e-07,2.09650522359203e-06,-6.79346842919718e-07,-2.23313133932132e-06,1.26942953816928e-06,-2.15065069887967e-08,-3.03165180667342e-08,1.75212804124545e-06,4.4156745338418e-09,-9.60326308906613e-10,1.01368728250406e-08,5.22300043057128e-10,1.16811893227965e-08,5.00346171192096e-09,-6.64110895494791e-10,-4.53699268908219e-10,-2.75413866360719e-09,6.25725629299101e-10,9.74098460755852e-08,-9.35252659051204e-06,-2.30021002993157e-06,-1.54103442599685e-06,3.49063541734555e-06,-5.15870231862077e-07,-1.10649423764531e-07,-5.53658679747118e-07,-1.1759969644721e-07,8.36130448930318e-07,2.28870716869059e-08,0,0,0,0,-1.62645189106772e-07,-9.052704974871e-07,1.03573884795597e-06
NA,"p_H",1.35358833303306e-07,1.94138699156151e-06,-4.30479272868049e-07,3.38842852627394e-07,0,0,0,0,0,0,0,0,0,0,0,0,0,0,0,0,0,0,0,0,0,0,0,0,0,0,0,0,0,0,0,0,0,0,0,0,3.61790632345281e-06,-6.25651059212121e-07,1.14810497407295e-06,1.9432955550942e-06,-1.3728323965942e-05,-2.27318625707849e-06,-1.92307491640872e-06,-6.25561047461671e-06,7.63676286632976e-07,-1.38276023052756e-07,-6.79346842919718e-07,6.31819891297635e-06,1.36865223819365e-05,-3.94696637224586e-06,-1.72386355244278e-06,-1.16071452964835e-06,6.09388861687428e-06,-9.26881074884668e-09,-8.4150938552962e-09,-2.94942275368529e-08,-3.4884534537201e-09,-2.42800589573619e-08,-8.77103208177462e-09,-9.34872599033198e-10,-8.06068978882484e-10,-7.73984607315814e-09,-6.54439859291179e-09,-6.8613933652301e-06,1.38604993821696e-06,1.21788051053467e-06,1.28052037286513e-05,-1.3084815951613e-05,1.34269949303062e-07,-5.90023092592025e-06,1.38428535350584e-05,-5.17108290905981e-06,9.26717228837832e-07,-5.84303407609396e-08,0,0,0,0,1.3771901414683e-07,1.15195507687878e-06,-1.14529668485952e-06
NA,"p_H_2",2.46436525787626e-06,1.48650807652538e-05,1.2686844504709e-06,1.74667488674323e-06,0,0,0,0,0,0,0,0,0,0,0,0,0,0,0,0,0,0,0,0,0,0,0,0,0,0,0,0,0,0,0,0,0,0,0,0,2.86948669040126e-06,-7.40577456997472e-06,-4.3104193118638e-06,-5.83633131572805e-06,-1.92403776655435e-05,-1.17699303448266e-05,-4.70133964736995e-06,-1.50782696395218e-05,-4.00667786980457e-06,4.4720808791153e-06,-2.23313133932132e-06,1.36865223819365e-05,0.000129841225604081,-1.10437899143815e-05,-4.59920467546751e-06,-2.16418863788794e-06,1.25776392855759e-05,-2.02501770761344e-08,-5.00521537227583e-08,-1.16802989806106e-07,1.39549924532377e-08,-3.35947409489015e-08,-5.60102611901099e-08,-5.25442970989708e-08,2.33592246625802e-08,-7.41420567076669e-09,2.00792653650397e-08,-1.25687954431743e-05,3.7560993278493e-05,-4.46138823713044e-06,1.7443353442161e-05,-3.96772447520318e-05,-2.1044236337713e-06,-8.0677523237672e-05,3.04933765210406e-05,-1.12798825035224e-05,-1.07187919149222e-06,-2.13763386979747e-07,0,0,0,0,5.64508928647641e-07,1.39627847923448e-06,-1.11484957273726e-06
NA,"p_H_D",-4.32445919662048e-07,4.51078304374172e-06,9.19747984042541e-07,1.74217536001317e-07,0,0,0,0,0,0,0,0,0,0,0,0,0,0,0,0,0,0,0,0,0,0,0,0,0,0,0,0,0,0,0,0,0,0,0,0,-5.08827902760706e-06,2.27515705104337e-06,-3.61218763371998e-06,-3.61224143993851e-06,7.69233236656088e-06,7.70335140966657e-06,2.81211952907265e-06,1.29997115141653e-06,2.10772375899899e-06,1.25884935515374e-06,1.26942953816928e-06,-3.94696637224586e-06,-1.10437899143815e-05,1.12005031531793e-05,5.78836425761944e-07,9.51235083600043e-07,-6.12502672329489e-06,6.18962943669708e-09,4.9206017458327e-09,3.8065198928182e-08,1.311348597316e-08,3.44951874871383e-08,1.69980845422351e-08,-1.0469362177174e-08,8.87631904343112e-09,2.54179805468715e-11,2.39378409120327e-09,-6.71397769093666e-06,-8.04936810582405e-06,-2.35685717782361e-06,-7.08581968306675e-06,1.17948161226035e-05,-2.81171355720152e-06,6.57475368391982e-06,-2.06474528078499e-05,8.51505759686727e-06,-2.93096182308529e-07,2.85271113497574e-08,0,0,0,0,1.27812113559363e-07,-1.12337874885101e-06,-7.79635255817827e-08
NA,"p_ICU",6.16439140441863e-07,-3.32714881840175e-06,1.04094002971463e-06,5.75907359062656e-10,0,0,0,0,0,0,0,0,0,0,0,0,0,0,0,0,0,0,0,0,0,0,0,0,0,0,0,0,0,0,0,0,0,0,0,0,-2.12676072280012e-06,5.46965928832532e-07,-3.61605819495925e-06,6.32105653016506e-07,3.79231463596814e-06,4.16833498867179e-06,-3.09996300738955e-06,3.75844504562693e-06,2.38071960456782e-07,-5.02336765519497e-07,-2.15065069887967e-08,-1.72386355244278e-06,-4.59920467546751e-06,5.78836425761944e-07,4.27610549147646e-06,7.1294692045113e-07,5.74186041110423e-07,-1.79383136436595e-09,1.44047875435396e-08,1.08239167753237e-08,-2.32027598128549e-09,2.25755393187085e-08,8.1879506482316e-10,5.78680060733423e-09,1.01906770625988e-08,4.56074243367257e-10,-1.96872918581928e-08,2.99683732158054e-06,7.18748131952046e-06,-2.44942428037103e-06,-6.30074438253087e-06,3.16995687079484e-07,1.47303521877134e-06,4.22266879520383e-06,-9.98287559213404e-06,4.26891304774644e-06,-1.23730254997011e-06,1.86851716867865e-08,0,0,0,0,3.28184197614497e-07,2.87961559077556e-07,-6.93283429803886e-07
NA,"p_ICU_2",2.72518982624802e-07,-1.65157905572678e-06,5.47459959702429e-07,-6.64297147034048e-08,0,0,0,0,0,0,0,0,0,0,0,0,0,0,0,0,0,0,0,0,0,0,0,0,0,0,0,0,0,0,0,0,0,0,0,0,2.52683356076775e-07,7.0965980297797e-07,-1.51288793353563e-06,-3.43237771034035e-07,9.5413626731621e-07,2.31470154110371e-06,-1.55095985611873e-06,1.88303652949327e-06,-1.11198944125154e-06,7.34503692732159e-07,-3.03165180667342e-08,-1.16071452964835e-06,-2.16418863788794e-06,9.51235083600043e-07,7.1294692045113e-07,6.79792307685416e-07,-3.35782046114558e-06,-2.10538752254482e-09,3.54627954911396e-09,1.13960234789908e-10,-1.51468753079126e-09,6.57136188902996e-09,-1.12320717386895e-09,-3.4877296109615e-09,2.0707947883748e-09,7.18238105677972e-10,-3.60526029249936e-09,1.51023984331465e-06,3.52088232175072e-06,-8.21547197699544e-07,-1.592678129656e-06,1.52966577401262e-06,1.01112166625886e-07,1.53801106879313e-06,-7.10614669472359e-06,2.41878762779312e-06,-6.60230476915864e-07,3.5011681885687e-09,0,0,0,0,4.73433190887679e-08,-6.75164234196296e-08,-4.06344729605356e-08
NA,"p_ICU_D",-2.2387983138074e-06,-5.77077234752e-06,-1.7198339807764e-06,-8.42341651056879e-07,0,0,0,0,0,0,0,0,0,0,0,0,0,0,0,0,0,0,0,0,0,0,0,0,0,0,0,0,0,0,0,0,0,0,0,0,-8.38907272677489e-06,-1.00883677337465e-05,1.19505794390198e-05,2.70891031526413e-06,1.14474557866319e-05,-1.00900144656127e-05,2.06527462838929e-05,1.29709590858918e-05,7.65667994645644e-06,-4.87924318019526e-06,1.75212804124545e-06,6.09388861687428e-06,1.25776392855759e-05,-6.12502672329489e-06,5.74186041110423e-07,-3.35782046114558e-06,8.49256562470975e-05,2.30068626978973e-08,-4.62616008820708e-09,2.04350334584417e-08,-2.12332252138201e-08,4.80339487447287e-08,7.32335090154491e-09,1.34504332552965e-08,-3.61367323987613e-09,-3.2815809251881e-10,8.3150349105202e-08,-2.61032033774665e-05,-4.04599527468097e-05,6.8117758283945e-06,-9.84547025766037e-07,-2.46299567644193e-05,4.74120536825985e-06,-6.24707222314227e-06,6.19654975504152e-05,-1.74383956295824e-05,1.74532089463785e-07,1.94695315603115e-08,0,0,0,0,-1.09000061591888e-06,-1.46285316270405e-06,5.5232685070964e-06
NA,"p_NC_15_24",-1.96853730282454e-09,-3.84600708998513e-09,-9.36924054425273e-10,-7.94325958516209e-10,0,0,0,0,0,0,0,0,0,0,0,0,0,0,0,0,0,0,0,0,0,0,0,0,0,0,0,0,0,0,0,0,0,0,0,0,-1.96248949213014e-08,-2.30332605104965e-08,7.76930207197474e-09,-1.03947304212499e-08,6.10808920447686e-08,-4.29673936830823e-08,2.29206749341952e-08,-5.1770442929421e-09,9.8010325077629e-09,-1.39907434440602e-08,4.4156745338418e-09,-9.26881074884668e-09,-2.02501770761344e-08,6.18962943669708e-09,-1.79383136436595e-09,-2.10538752254482e-09,2.30068626978973e-08,2.27156731599235e-10,5.92563426571398e-11,2.09697285364092e-10,4.52194222769722e-11,-2.80356482669894e-11,2.80029907256894e-11,6.13980361360676e-11,2.01158117256655e-11,4.01784892370554e-12,-1.69127098183043e-11,2.42437245511992e-08,-7.07755747567439e-08,1.86405509828876e-08,-5.36053505754066e-08,2.14401172239413e-08,-3.2892539704708e-08,2.38356820579065e-08,4.10470142212888e-08,-7.06431283433706e-09,8.76228452781377e-09,1.74696735510712e-10,0,0,0,0,-1.20014964863785e-09,-2.15238926714631e-09,2.9338143277082e-09
NA,"p_NC_25_49",4.63953449433638e-09,1.0107232963005e-09,1.89312433894484e-09,1.3244092576677e-09,0,0,0,0,0,0,0,0,0,0,0,0,0,0,0,0,0,0,0,0,0,0,0,0,0,0,0,0,0,0,0,0,0,0,0,0,-1.61628922140817e-08,7.79831273372382e-09,-1.09917781063797e-08,2.55790410318044e-08,6.35412618095762e-08,2.30148279857739e-08,-6.32791842218814e-08,1.1542691956779e-08,3.70862793293599e-09,4.37616327822529e-09,-9.60326308906613e-10,-8.4150938552962e-09,-5.00521537227583e-08,4.9206017458327e-09,1.44047875435396e-08,3.54627954911396e-09,-4.62616008820708e-09,5.92563426571398e-11,3.6914343608028e-10,9.41757175511091e-11,-4.30553537507563e-12,4.53073818686335e-11,-6.34451584395126e-12,1.04349248967548e-10,1.05707686582012e-11,4.09117381654273e-12,-4.63700437804568e-11,4.56935326806726e-08,-1.16673635301128e-08,-9.74406375302381e-09,-6.20114993850597e-08,1.96076090411521e-08,-1.63306727569284e-08,4.00902189169941e-08,-5.66559965694081e-08,1.03834161210304e-08,7.75621532897273e-09,6.50503970014396e-11,0,0,0,0,3.02811298536971e-09,3.20124723831736e-09,-4.49323571853161e-09
NA,"p_NC_50_64",7.07880007292426e-11,-1.65146521374457e-08,-1.72399391397515e-08,2.64413916860758e-09,0,0,0,0,0,0,0,0,0,0,0,0,0,0,0,0,0,0,0,0,0,0,0,0,0,0,0,0,0,0,0,0,0,0,0,0,-5.68790390832437e-08,-3.32221850619823e-08,4.31973079092631e-10,-2.52419864922777e-08,1.29136717207309e-07,-8.80919400869729e-08,2.76722319934313e-08,2.09467425025773e-08,3.50396886031701e-08,-1.36542803178195e-08,1.01368728250406e-08,-2.94942275368529e-08,-1.16802989806106e-07,3.8065198928182e-08,1.08239167753237e-08,1.13960234789908e-10,2.04350334584417e-08,2.09697285364092e-10,9.41757175511091e-11,8.6705740903137e-10,6.06576864281615e-11,4.57581589695597e-12,1.69753522705453e-10,6.13868779608109e-11,7.40453318749792e-11,8.72197367089782e-11,3.21963495680299e-11,1.46188491858931e-08,-1.01355485082544e-07,3.45542789214687e-09,-1.01281032776601e-07,7.70290845373509e-08,-3.58236216945346e-08,7.33296852221588e-08,-6.00361166493743e-08,4.6214941378667e-08,4.88113591198893e-09,4.14961420655128e-10,0,0,0,0,-5.6600994068304e-10,-5.63621644861502e-09,2.18401369896774e-09
NA,"p_NC_65_79",1.22637146856333e-09,1.28755726455545e-08,3.09627321637434e-09,-1.97791020727092e-10,0,0,0,0,0,0,0,0,0,0,0,0,0,0,0,0,0,0,0,0,0,0,0,0,0,0,0,0,0,0,0,0,0,0,0,0,-7.32363390720767e-09,-8.59279061154916e-09,-9.47166913121922e-09,-1.91647088294716e-08,-1.07787021759992e-08,3.49713421983482e-09,-3.1280153144882e-08,-1.02403052132924e-08,1.16590819040601e-08,-3.36211467237184e-09,5.22300043057128e-10,-3.4884534537201e-09,1.39549924532377e-08,1.311348597316e-08,-2.32027598128549e-09,-1.51468753079126e-09,-2.12332252138201e-08,4.52194222769722e-11,-4.30553537507563e-12,6.06576864281615e-11,1.91827281777543e-10,1.73947218267828e-11,5.96154222867993e-11,3.11893579989213e-11,2.36170047496909e-11,1.10834922617572e-11,-1.11292331240389e-11,-1.02560644360175e-08,4.54516089002459e-09,-1.65515100522427e-08,2.71264267181483e-08,2.85290549061966e-08,-1.34199188056319e-08,-8.96100548841046e-09,-1.40364413322053e-08,-1.35345819085681e-08,5.8930617369379e-09,-2.60909676747247e-11,0,0,0,0,8.22760913891581e-10,-2.20557368747806e-09,-4.79322574686743e-09
NA,"p_NC_80_plus",5.78189369347072e-09,-6.35989557384541e-08,2.55103163908508e-08,-2.02258477561017e-09,0,0,0,0,0,0,0,0,0,0,0,0,0,0,0,0,0,0,0,0,0,0,0,0,0,0,0,0,0,0,0,0,0,0,0,0,-2.90460611086511e-08,2.18187858703558e-08,-7.90917515673725e-08,5.27338644594979e-08,7.72351656364502e-08,8.68481080922169e-08,-1.00848020059688e-08,1.669125802201e-08,-2.06533810961326e-08,2.58904453492035e-08,1.16811893227965e-08,-2.42800589573619e-08,-3.35947409489015e-08,3.44951874871383e-08,2.25755393187085e-08,6.57136188902996e-09,4.80339487447287e-08,-2.80356482669894e-11,4.53073818686335e-11,4.57581589695597e-12,1.73947218267828e-11,1.49545507403153e-09,9.62502818577391e-12,-3.08879542703604e-11,1.38639444838992e-10,1.22787802661601e-10,-3.93476368825751e-10,8.13605643352189e-08,-2.63900852893719e-08,-1.00194257659464e-07,-2.4354198298475e-08,1.15694543011456e-07,-4.11424972944011e-08,3.87750188475626e-09,-4.61407747252546e-08,1.20149336120311e-08,-9.07669186280112e-09,-1.40241054515013e-11,0,0,0,0,-1.40602456089657e-09,-1.07648362040413e-08,1.23492668693586e-08
NA,"p_NC_weekend_15_24",9.58756942501862e-10,1.19607170080068e-08,-5.65969572556868e-09,1.32385617620927e-09,0,0,0,0,0,0,0,0,0,0,0,0,0,0,0,0,0,0,0,0,0,0,0,0,0,0,0,0,0,0,0,0,0,0,0,0,-1.52626611188389e-08,-8.41727727618723e-09,1.28615273684682e-08,2.28643190420456e-09,2.93453809732098e-08,-1.08882584487876e-08,3.20801704784376e-09,4.21649073888462e-09,1.74576303361178e-08,-6.09335126811235e-09,5.00346171192096e-09,-8.77103208177462e-09,-5.60102611901099e-08,1.69980845422351e-08,8.1879506482316e-10,-1.12320717386895e-09,7.32335090154491e-09,2.80029907256894e-11,-6.34451584395126e-12,1.69753522705453e-10,5.96154222867993e-11,9.62502818577391e-12,1.43088721533502e-10,3.03063655106085e-11,7.73085418751380e-12,-5.90585822409634e-12,2.10593598583106e-11,-5.7039099621371e-09,-5.93022268956545e-08,-5.1243292860179e-09,-9.00400699720446e-09,2.48343188583804e-08,4.27568579575765e-10,2.92367082880004e-08,3.00810239037453e-09,-1.19986395904497e-08,3.35758480234468e-09,1.76384290755856e-10,0,0,0,0,1.28020108075225e-10,-3.38573732866595e-09,1.70792925755505e-09
NA,"p_NC_weekend_25_49",-2.25391492150898e-09,-2.48190758106854e-08,-4.84879996036972e-09,2.63327096736296e-10,0,0,0,0,0,0,0,0,0,0,0,0,0,0,0,0,0,0,0,0,0,0,0,0,0,0,0,0,0,0,0,0,0,0,0,0,-7.558020583542e-09,7.04294885555842e-09,7.01001106388895e-09,2.88902399841655e-08,1.07399144316343e-08,-7.69786050237033e-09,4.46433961311163e-09,-1.84155995866491e-08,1.07208208993306e-08,-5.0743349527375e-09,-6.64110895494791e-10,-9.34872599033198e-10,-5.25442970989708e-08,-1.0469362177174e-08,5.78680060733423e-09,-3.4877296109615e-09,1.34504332552965e-08,6.13980361360676e-11,1.04349248967548e-10,6.13868779608109e-11,3.11893579989213e-11,-3.08879542703604e-11,3.03063655106085e-11,2.96207227841303e-10,5.43430105121871e-11,1.63687813474926e-11,-1.56680844337475e-11,9.59896469193801e-09,-3.59153260431768e-08,-5.06478302431015e-09,1.10887546122475e-08,-5.35917924654913e-09,-3.86081476929417e-09,3.67782529148871e-08,3.41344130509422e-08,-1.30186779909212e-08,1.45286195746567e-08,-1.70028888446696e-11,0,0,0,0,-3.02760429411308e-10,5.78089377563563e-09,-5.05350734112209e-09
NA,"p_NC_weekend_50_64",3.66461922437036e-09,-3.9709553152383e-09,3.47870793724446e-09,1.77103640831291e-09,0,0,0,0,0,0,0,0,0,0,0,0,0,0,0,0,0,0,0,0,0,0,0,0,0,0,0,0,0,0,0,0,0,0,0,0,-9.93567660038994e-09,2.1765980864516e-10,-1.08814459917587e-08,-8.28570038436836e-09,-4.81247784916512e-09,-1.09543708080681e-08,-1.16788544044685e-08,-2.36492495232067e-08,5.29510059505057e-09,-2.68438847067932e-10,-4.53699268908219e-10,-8.06068978882484e-10,2.33592246625802e-08,8.87631904343112e-09,1.01906770625988e-08,2.0707947883748e-09,-3.61367323987613e-09,2.01158117256655e-11,1.05707686582012e-11,7.40453318749792e-11,2.36170047496909e-11,1.38639444838992e-10,7.73085418751380e-12,5.43430105121871e-11,1.4731947644379e-10,-7.57756609415185e-12,-1.27691378824368e-10,8.48374612670277e-09,2.58235430129564e-09,-1.7549765870059e-09,-6.55726238954362e-09,-2.27837187910742e-09,-9.16672705616867e-09,-4.48725058400346e-09,-3.05524536358312e-08,1.21423776907539e-08,-1.55496925919539e-09,-1.22661902875929e-10,0,0,0,0,1.74513675608285e-10,4.95217897640449e-09,-7.71578261688282e-09
NA,"p_NC_weekend_65_79",6.11380960453892e-10,-1.82867180563175e-08,2.70093043792656e-10,1.96650817400651e-10,0,0,0,0,0,0,0,0,0,0,0,0,0,0,0,0,0,0,0,0,0,0,0,0,0,0,0,0,0,0,0,0,0,0,0,0,-7.90336465157591e-09,-2.48727426148563e-09,-5.67012383629258e-09,9.49623981395141e-09,2.85866034309569e-08,-1.15715326431353e-08,7.4392061298089e-09,1.83082535667802e-08,-8.86070658052451e-09,2.83036899656934e-09,-2.75413866360719e-09,-7.73984607315814e-09,-7.41420567076669e-09,2.54179805468715e-11,4.56074243367257e-10,7.18238105677972e-10,-3.2815809251881e-10,4.01784892370554e-12,4.09117381654273e-12,8.72197367089782e-11,1.10834922617572e-11,1.22787802661601e-10,-5.90585822409634e-12,1.63687813474926e-11,-7.57756609415185e-12,8.72037570110037e-11,-2.51470986407274e-11,8.61608297121911e-09,1.81679727821117e-08,-2.27708487053661e-08,-9.61572312976666e-09,1.2775015093757e-08,-3.30364864460865e-09,3.28133654078232e-09,-2.17582760295004e-09,6.02738076526546e-09,-3.14679135670999e-09,7.95709546832345e-11,0,0,0,0,-3.82570669344993e-10,-1.90505007581589e-09,2.49766497619388e-09
NA,"p_NC_weekend_80_plus",-1.01709951269298e-08,2.76270406839818e-08,-9.74635175259624e-09,-2.19148235516341e-09,0,0,0,0,0,0,0,0,0,0,0,0,0,0,0,0,0,0,0,0,0,0,0,0,0,0,0,0,0,0,0,0,0,0,0,0,1.04692280687938e-08,-2.95306191616293e-09,2.47010810353286e-08,-3.67087784489044e-08,4.15389199982545e-08,2.84346538712173e-08,3.40161994503803e-08,5.05977968959905e-08,2.12664247630746e-08,3.09823768816792e-09,6.25725629299101e-10,-6.54439859291179e-09,2.00792653650397e-08,2.39378409120327e-09,-1.96872918581928e-08,-3.60526029249936e-09,8.3150349105202e-08,-1.69127098183043e-11,-4.63700437804568e-11,3.21963495680299e-11,-1.11292331240389e-11,-3.93476368825751e-10,2.10593598583106e-11,-1.56680844337475e-11,-1.27691378824368e-10,-2.51470986407274e-11,7.81257709640417e-10,-6.74255511322865e-08,-8.39101421914183e-08,4.45860695105202e-08,-2.79281800717433e-08,4.9340281883444e-09,1.89556171445682e-08,-5.06412258200459e-08,6.71913846341636e-08,-5.12004109299486e-09,5.08874295887596e-09,1.1682242747465e-10,0,0,0,0,-4.34357121081193e-09,-1.19526970175094e-08,1.93128554595e-08
NA,"p_W_D",4.44689718330879e-06,-2.4278990452212e-06,1.17681661347246e-06,1.26936940642927e-06,0,0,0,0,0,0,0,0,0,0,0,0,0,0,0,0,0,0,0,0,0,0,0,0,0,0,0,0,0,0,0,0,0,0,0,0,3.47504637561437e-06,-4.82177992518436e-06,4.09035787672244e-07,-5.02870362650087e-06,2.79852108723439e-05,-4.03336977969439e-06,-2.4660158699228e-05,1.75220428235365e-08,-4.48018986185023e-06,7.08328701207767e-06,9.74098460755852e-08,-6.8613933652301e-06,-1.25687954431743e-05,-6.71397769093666e-06,2.99683732158054e-06,1.51023984331465e-06,-2.61032033774665e-05,2.42437245511992e-08,4.56935326806726e-08,1.46188491858931e-08,-1.02560644360175e-08,8.13605643352189e-08,-5.7039099621371e-09,9.59896469193801e-09,8.48374612670277e-09,8.61608297121911e-09,-6.74255511322865e-08,0.000109545448641163,-8.9267237250886e-07,9.09056843662831e-06,-3.33813835614099e-05,1.89123627200829e-05,-6.28492547279627e-06,1.16247779633208e-05,-9.4941583481115e-06,1.13630904559965e-05,-2.27374122880762e-06,9.79913936896302e-08,0,0,0,0,3.17811161579767e-08,1.11722968522707e-06,-1.82356404429567e-06
NA,"rel_p_D_alpha",6.14559684056684e-06,4.01231435858763e-05,7.06850503006664e-06,-2.25857196221904e-06,0,0,0,0,0,0,0,0,0,0,0,0,0,0,0,0,0,0,0,0,0,0,0,0,0,0,0,0,0,0,0,0,0,0,0,0,2.64013138801183e-05,5.56288890807181e-07,-5.75457165943238e-05,-1.55255456338002e-05,-6.82542400075616e-05,6.83284497597849e-05,-3.61221003197345e-05,2.11141845273524e-05,-1.30922565111961e-05,7.26610346172231e-06,-9.35252659051204e-06,1.38604993821696e-06,3.7560993278493e-05,-8.04936810582405e-06,7.18748131952046e-06,3.52088232175072e-06,-4.04599527468097e-05,-7.07755747567439e-08,-1.16673635301128e-08,-1.01355485082544e-07,4.54516089002459e-09,-2.63900852893719e-08,-5.93022268956545e-08,-3.59153260431768e-08,2.58235430129564e-09,1.81679727821117e-08,-8.39101421914183e-08,-8.9267237250886e-07,0.000217766403032445,-3.75878126297953e-05,2.7107436284446e-05,-1.9429426051623e-05,4.95291261522465e-06,-2.20145045760088e-05,-3.15851896708016e-05,1.22879423905403e-05,-1.24323013579e-05,-1.79794231330618e-07,0,0,0,0,1.76186559813083e-06,4.87032050214063e-06,-6.03274979814707e-06
NA,"rel_p_D_delta",-9.47619685628886e-07,1.26162400624787e-05,-9.82846439016036e-08,-6.81526507025614e-07,0,0,0,0,0,0,0,0,0,0,0,0,0,0,0,0,0,0,0,0,0,0,0,0,0,0,0,0,0,0,0,0,0,0,0,0,-1.03805916833542e-05,-3.34863908059805e-06,1.16791616706463e-05,-2.59832466272513e-05,-7.99799824718699e-06,-1.55524000740172e-05,4.18714361430972e-06,-8.11776920309366e-06,1.34883948292326e-06,-6.08749998792366e-06,-2.30021002993157e-06,1.21788051053467e-06,-4.46138823713044e-06,-2.35685717782361e-06,-2.44942428037103e-06,-8.21547197699544e-07,6.8117758283945e-06,1.86405509828876e-08,-9.74406375302381e-09,3.45542789214687e-09,-1.65515100522427e-08,-1.00194257659464e-07,-5.1243292860179e-09,-5.06478302431015e-09,-1.7549765870059e-09,-2.27708487053661e-08,4.45860695105202e-08,9.09056843662831e-06,-3.75878126297953e-05,5.36847823059574e-05,-1.60642292267927e-05,8.05091987095833e-07,2.17927855965096e-06,2.91255310225859e-06,4.34529967780758e-06,2.47129199448852e-06,-8.90239753296712e-07,-5.25121342408992e-08,0,0,0,0,-3.77170265393723e-07,1.78179549634285e-06,-1.30864176531739e-06
NA,"rel_p_D_omicron",-1.64329337204379e-06,2.16348391063772e-05,-1.46264297916402e-06,-1.21349898164986e-06,0,0,0,0,0,0,0,0,0,0,0,0,0,0,0,0,0,0,0,0,0,0,0,0,0,0,0,0,0,0,0,0,0,0,0,0,1.97454526630438e-05,9.13345022014379e-06,-1.21902957584518e-05,4.22898782966612e-06,-7.34813388884156e-05,2.25099202781463e-05,-1.36755467952764e-05,-1.78058723236933e-05,3.1439388886072e-06,-4.67175423903487e-06,-1.54103442599685e-06,1.28052037286513e-05,1.7443353442161e-05,-7.08581968306675e-06,-6.30074438253087e-06,-1.592678129656e-06,-9.84547025766037e-07,-5.36053505754066e-08,-6.20114993850597e-08,-1.01281032776601e-07,2.71264267181483e-08,-2.4354198298475e-08,-9.00400699720446e-09,1.10887546122475e-08,-6.55726238954362e-09,-9.61572312976666e-09,-2.79281800717433e-08,-3.33813835614099e-05,2.7107436284446e-05,-1.60642292267927e-05,9.66287479624838e-05,-2.19723996571384e-05,1.17265875303462e-06,-5.79098792514323e-06,1.56704051929522e-05,-1.2873385203414e-05,3.93941020897879e-06,-1.47596333080308e-07,0,0,0,0,-6.94853256799016e-07,1.35801228947609e-07,-1.31072938417049e-06
NA,"rel_p_H_alpha",-1.35341679012031e-06,1.22277391007134e-05,1.8783045414181e-06,-9.25884533171319e-07,0,0,0,0,0,0,0,0,0,0,0,0,0,0,0,0,0,0,0,0,0,0,0,0,0,0,0,0,0,0,0,0,0,0,0,0,-1.20393329719745e-05,5.05490287929628e-07,-4.0121193940938e-06,-7.32149331578818e-06,2.47137431890205e-05,9.78154686976e-06,-4.40504933105224e-06,-3.21440824929117e-06,-1.16084419150484e-06,-1.5741413731465e-06,3.49063541734555e-06,-1.3084815951613e-05,-3.96772447520318e-05,1.17948161226035e-05,3.16995687079484e-07,1.52966577401262e-06,-2.46299567644193e-05,2.14401172239413e-08,1.96076090411521e-08,7.70290845373509e-08,2.85290549061966e-08,1.15694543011456e-07,2.48343188583804e-08,-5.35917924654913e-09,-2.27837187910742e-09,1.2775015093757e-08,4.9340281883444e-09,1.89123627200829e-05,-1.9429426051623e-05,8.05091987095833e-07,-2.19723996571384e-05,6.91465287311118e-05,-1.44483339116161e-05,1.299485220056e-05,-2.11051060450581e-05,-2.95607840852268e-06,7.35603040708158e-07,8.51902744214391e-08,0,0,0,0,-1.23162576206034e-06,-3.85082442431236e-06,3.84242006768482e-06
